0.000 0.000 1.000
0.000 0.000 1.000
0.000 0.000 1.000
0.500 0.500 0.000
0.500 0.500 0.000
0.000 0.000 1.000
0.000 0.000 1.000
0.000 0.000 1.000
0.500 0.500 0.000
0.500 0.500 0.000
0.000 0.000 1.000
0.000 0.000 1.000
0.000 0.000 1.000
0.500 0.500 0.000
0.500 0.500 0.000
0.000 0.000 1.000
0.000 0.000 1.000
0.000 0.000 1.000
0.500 0.500 0.000
0.500 0.500 0.000
0.000 0.000 1.000
0.000 0.000 1.000
0.000 0.000 1.000
0.500 0.500 0.000
0.500 0.500 0.000
0.000 0.000 1.000
0.000 0.000 1.000
0.000 0.000 1.000
0.500 0.500 0.000
0.500 0.500 0.000
0.000 0.000 1.000
0.000 0.000 1.000
0.000 0.000 1.000
0.500 0.500 0.000
0.500 0.500 0.000
0.000 0.000 1.000
0.000 0.000 1.000
0.000 0.000 1.000
0.500 0.500 0.000
0.500 0.500 0.000
0.000 0.000 1.000
0.000 0.000 1.000
0.000 0.000 1.000
0.500 0.500 0.000
0.500 0.500 0.000
0.000 0.000 1.000
0.000 0.000 1.000
0.000 0.000 1.000
0.500 0.500 0.000
0.500 0.500 0.000
0.000 0.000 1.000
0.000 0.000 1.000
0.000 0.000 1.000
0.500 0.500 0.000
0.500 0.500 0.000
0.000 0.000 1.000
0.000 0.000 1.000
0.000 0.000 1.000
0.500 0.500 0.000
0.500 0.500 0.000
0.000 0.000 1.000
0.000 0.000 1.000
0.000 0.000 1.000
0.500 0.500 0.000
0.500 0.500 0.000
0.000 0.000 1.000
0.000 0.000 1.000
0.000 0.000 1.000
0.500 0.500 0.000
0.500 0.500 0.000
0.000 0.000 1.000
0.000 0.000 1.000
0.000 0.000 1.000
0.500 0.500 0.000
0.500 0.500 0.000
0.000 0.000 1.000
0.000 0.000 1.000
0.001 0.001 0.999
0.500 0.500 0.000
0.500 0.500 0.000
0.000 0.000 1.000
0.000 0.000 1.000
0.000 0.000 0.999
0.500 0.500 0.000
0.500 0.500 0.000
0.000 0.000 1.000
0.000 0.000 1.000
0.000 0.000 1.000
0.500 0.500 0.000
0.500 0.500 0.000
0.000 0.000 1.000
0.000 0.000 1.000
0.500 0.500 0.000
0.500 0.500 0.000
0.500 0.500 0.000
0.000 0.000 1.000
0.000 0.000 1.000
0.500 0.500 0.000
0.500 0.500 0.000
0.500 0.500 0.000
0.000 0.000 1.000
0.000 0.000 1.000
0.500 0.500 0.001
0.500 0.500 0.000
0.500 0.500 0.000
0.000 0.000 1.000
0.000 0.000 1.000
0.500 0.500 0.000
0.500 0.500 0.000
0.500 0.500 0.000
0.000 0.000 1.000
0.000 0.000 1.000
0.500 0.500 0.000
0.500 0.500 0.000
0.500 0.500 0.000
0.000 0.000 1.000
0.000 0.000 1.000
0.500 0.500 0.001
0.500 0.500 0.000
0.500 0.500 0.000
0.000 0.000 1.000
0.000 0.000 1.000
0.500 0.500 0.000
0.500 0.500 0.000
0.500 0.500 0.000
0.000 0.000 1.000
0.000 0.000 1.000
0.500 0.500 0.000
0.500 0.500 0.000
0.500 0.500 0.000
0.000 0.000 1.000
0.000 0.000 1.000
0.500 0.500 0.000
0.500 0.500 0.000
0.500 0.500 0.000
0.000 0.000 1.000
0.000 0.000 1.000
0.500 0.500 0.000
0.500 0.500 0.000
0.500 0.500 0.000
0.000 0.000 1.000
0.000 0.000 1.000
0.500 0.500 0.000
0.500 0.500 0.000
0.500 0.500 0.000
0.000 0.000 1.000
0.000 0.000 1.000
0.500 0.500 0.000
0.500 0.500 0.000
0.500 0.500 0.000
0.000 0.000 1.000
0.000 0.000 1.000
0.500 0.500 0.000
0.500 0.500 0.000
0.500 0.500 0.000
0.000 0.000 1.000
0.000 0.000 1.000
0.500 0.500 0.000
0.500 0.500 0.000
0.500 0.500 0.000
0.000 0.000 1.000
0.000 0.000 1.000
0.500 0.500 0.000
0.500 0.500 0.000
0.500 0.500 0.000
0.000 0.000 1.000
0.001 0.001 0.998
0.499 0.499 0.003
0.500 0.500 0.000
0.500 0.500 0.000
0.000 0.000 1.000
0.001 0.001 0.997
0.499 0.499 0.002
0.500 0.500 0.000
0.500 0.500 0.000
0.001 0.001 0.999
0.003 0.003 0.993
0.498 0.498 0.005
0.500 0.500 0.000
0.500 0.500 0.000
0.000 0.000 1.000
0.000 0.000 1.000
0.000 0.000 1.000
0.500 0.500 0.000
0.500 0.500 0.000
0.000 0.000 1.000
0.000 0.000 1.000
0.000 0.000 1.000
0.500 0.500 0.000
0.500 0.500 0.000
0.000 0.000 1.000
0.000 0.000 1.000
0.000 0.000 1.000
0.500 0.500 0.000
0.500 0.500 0.000
0.000 0.000 1.000
0.000 0.000 1.000
0.000 0.000 1.000
0.500 0.500 0.000
0.500 0.500 0.000
0.000 0.000 1.000
0.000 0.000 1.000
0.000 0.000 1.000
0.500 0.500 0.000
0.500 0.500 0.000
0.000 0.000 1.000
0.000 0.000 1.000
0.000 0.000 1.000
0.500 0.500 0.000
0.500 0.500 0.000
0.000 0.000 1.000
0.000 0.000 1.000
0.000 0.000 1.000
0.500 0.500 0.000
0.500 0.500 0.000
0.000 0.000 1.000
0.000 0.000 1.000
0.000 0.000 1.000
0.500 0.500 0.000
0.500 0.500 0.000
0.000 0.000 1.000
0.000 0.000 1.000
0.000 0.000 1.000
0.500 0.500 0.000
0.500 0.500 0.000
0.000 0.000 1.000
0.000 0.000 1.000
0.000 0.000 1.000
0.500 0.500 0.000
0.500 0.500 0.000
0.000 0.000 1.000
0.000 0.000 1.000
0.000 0.000 1.000
0.500 0.500 0.000
0.500 0.500 0.000
0.000 0.000 1.000
0.000 0.000 1.000
0.000 0.000 1.000
0.500 0.500 0.000
0.500 0.500 0.000
0.000 0.000 1.000
0.000 0.000 1.000
0.001 0.001 0.999
0.500 0.500 0.000
0.500 0.500 0.000
0.000 0.000 1.000
0.000 0.000 1.000
0.000 0.000 1.000
0.500 0.500 0.000
0.500 0.500 0.000
0.000 0.000 1.000
0.000 0.000 1.000
0.000 0.000 0.999
0.500 0.500 0.000
0.500 0.500 0.000
0.000 0.000 1.000
0.000 0.000 1.000
0.000 0.000 1.000
0.500 0.500 0.000
0.500 0.500 0.000
0.000 0.000 1.000
0.000 0.000 1.000
0.000 0.000 1.000
0.500 0.500 0.000
0.500 0.500 0.000
0.000 0.000 1.000
0.000 0.000 1.000
0.040 0.040 0.921
0.500 0.500 0.000
0.500 0.500 0.000
0.000 0.000 1.000
0.000 0.000 1.000
0.500 0.500 0.000
0.500 0.500 0.000
0.500 0.500 0.000
0.000 0.000 1.000
0.000 0.000 1.000
0.500 0.500 0.000
0.500 0.500 0.000
0.500 0.500 0.000
0.000 0.000 1.000
0.000 0.000 1.000
0.500 0.500 0.000
0.500 0.500 0.000
0.500 0.500 0.000
0.000 0.000 1.000
0.000 0.000 1.000
0.500 0.500 0.000
0.500 0.500 0.000
0.500 0.500 0.000
0.000 0.000 1.000
0.000 0.000 1.000
0.500 0.500 0.000
0.500 0.500 0.000
0.500 0.500 0.000
0.000 0.000 1.000
0.000 0.000 1.000
0.497 0.497 0.005
0.500 0.500 0.000
0.500 0.500 0.000
0.000 0.000 1.000
0.000 0.000 1.000
0.500 0.500 0.000
0.500 0.500 0.000
0.500 0.500 0.000
0.000 0.000 1.000
0.000 0.000 1.000
0.500 0.500 0.000
0.500 0.500 0.000
0.500 0.500 0.000
0.000 0.000 1.000
0.000 0.000 1.000
0.500 0.500 0.000
0.500 0.500 0.000
0.500 0.500 0.000
0.000 0.000 1.000
0.000 0.000 1.000
0.500 0.500 0.000
0.500 0.500 0.000
0.500 0.500 0.000
0.000 0.000 1.000
0.000 0.000 1.000
0.500 0.500 0.000
0.500 0.500 0.000
0.500 0.500 0.000
0.000 0.000 1.000
0.000 0.000 1.000
0.500 0.500 0.000
0.500 0.500 0.000
0.500 0.500 0.000
0.000 0.000 1.000
0.000 0.000 1.000
0.500 0.500 0.000
0.500 0.500 0.000
0.500 0.500 0.000
0.000 0.000 1.000
0.000 0.000 1.000
0.500 0.500 0.000
0.500 0.500 0.000
0.500 0.500 0.000
0.000 0.000 1.000
0.000 0.000 1.000
0.500 0.500 0.000
0.500 0.500 0.000
0.500 0.500 0.000
0.000 0.000 1.000
0.000 0.000 1.000
0.500 0.500 0.000
0.500 0.500 0.000
0.500 0.500 0.000
0.000 0.000 1.000
0.000 0.000 1.000
0.500 0.500 0.000
0.500 0.500 0.000
0.500 0.500 0.000
0.000 0.000 1.000
0.000 0.000 1.000
0.500 0.500 0.000
0.500 0.500 0.000
0.500 0.500 0.000
0.000 0.000 1.000
0.000 0.000 1.000
0.000 0.000 1.000
0.500 0.500 0.000
0.500 0.500 0.000
0.000 0.000 1.000
0.000 0.000 1.000
0.000 0.000 1.000
0.500 0.500 0.000
0.500 0.500 0.000
0.000 0.000 1.000
0.000 0.000 1.000
0.000 0.000 1.000
0.500 0.500 0.000
0.500 0.500 0.000
0.000 0.000 1.000
0.000 0.000 1.000
0.000 0.000 1.000
0.500 0.500 0.000
0.500 0.500 0.000
0.000 0.000 1.000
0.000 0.000 1.000
0.000 0.000 1.000
0.500 0.500 0.000
0.500 0.500 0.000
0.000 0.000 1.000
0.000 0.000 1.000
0.000 0.000 1.000
0.500 0.500 0.000
0.500 0.500 0.000
0.000 0.000 1.000
0.000 0.000 1.000
0.000 0.000 1.000
0.500 0.500 0.000
0.500 0.500 0.000
0.000 0.000 1.000
0.000 0.000 1.000
0.000 0.000 1.000
0.500 0.500 0.000
0.500 0.500 0.000
0.000 0.000 1.000
0.000 0.000 1.000
0.000 0.000 1.000
0.500 0.500 0.000
0.500 0.500 0.000
0.000 0.000 1.000
0.000 0.000 1.000
0.000 0.000 1.000
0.500 0.500 0.000
0.500 0.500 0.000
0.000 0.000 1.000
0.000 0.000 1.000
0.000 0.000 1.000
0.500 0.500 0.000
0.500 0.500 0.000
0.000 0.000 1.000
0.000 0.000 1.000
0.000 0.000 1.000
0.500 0.500 0.000
0.500 0.500 0.000
0.000 0.000 1.000
0.000 0.000 1.000
0.035 0.035 0.930
0.500 0.500 0.000
0.500 0.500 0.000
0.000 0.000 1.000
0.000 0.000 1.000
0.491 0.491 0.019
0.500 0.500 0.000
0.500 0.500 0.000
0.000 0.000 1.000
0.000 0.000 1.000
0.006 0.006 0.988
0.500 0.500 0.000
0.500 0.500 0.000
0.000 0.000 1.000
0.000 0.000 1.000
0.035 0.035 0.930
0.500 0.500 0.000
0.500 0.500 0.000
0.000 0.000 1.000
0.000 0.000 1.000
0.035 0.035 0.930
0.500 0.500 0.000
0.500 0.500 0.000
0.000 0.000 1.000
0.000 0.000 1.000
0.000 0.000 0.999
0.500 0.500 0.000
0.500 0.500 0.000
0.000 0.000 1.000
0.000 0.000 1.000
0.500 0.500 0.000
0.500 0.500 0.000
0.500 0.500 0.000
0.000 0.000 1.000
0.000 0.000 1.000
0.500 0.500 0.000
0.500 0.500 0.000
0.500 0.500 0.000
0.000 0.000 1.000
0.000 0.000 1.000
0.500 0.500 0.000
0.500 0.500 0.000
0.500 0.500 0.000
0.000 0.000 1.000
0.000 0.000 1.000
0.500 0.500 0.000
0.500 0.500 0.000
0.500 0.500 0.000
0.000 0.000 1.000
0.000 0.000 1.000
0.500 0.500 0.000
0.500 0.500 0.000
0.500 0.500 0.000
0.000 0.000 1.000
0.000 0.000 1.000
0.500 0.500 0.000
0.500 0.500 0.000
0.500 0.500 0.000
0.000 0.000 1.000
0.000 0.000 1.000
0.500 0.500 0.000
0.500 0.500 0.000
0.500 0.500 0.000
0.000 0.000 1.000
0.000 0.000 1.000
0.500 0.500 0.000
0.500 0.500 0.000
0.500 0.500 0.000
0.000 0.000 1.000
0.000 0.000 1.000
0.500 0.500 0.000
0.500 0.500 0.000
0.500 0.500 0.000
0.000 0.000 1.000
0.000 0.000 1.000
0.500 0.500 0.000
0.500 0.500 0.000
0.500 0.500 0.000
0.000 0.000 1.000
0.000 0.000 1.000
0.500 0.500 0.000
0.500 0.500 0.000
0.500 0.500 0.000
0.000 0.000 1.000
0.000 0.000 1.000
0.500 0.500 0.000
0.500 0.500 0.000
0.500 0.500 0.000
0.000 0.000 1.000
0.000 0.000 1.000
0.500 0.500 0.000
0.500 0.500 0.000
0.500 0.500 0.000
0.000 0.000 1.000
0.000 0.000 1.000
0.500 0.500 0.000
0.500 0.500 0.000
0.500 0.500 0.000
0.000 0.000 1.000
0.000 0.000 1.000
0.500 0.500 0.000
0.500 0.500 0.000
0.500 0.500 0.000
0.000 0.000 1.000
0.000 0.000 1.000
0.500 0.500 0.000
0.500 0.500 0.000
0.500 0.500 0.000
0.000 0.000 1.000
0.000 0.000 1.000
0.500 0.500 0.000
0.500 0.500 0.000
0.500 0.500 0.000
0.000 0.000 1.000
0.000 0.000 1.000
0.500 0.500 0.000
0.500 0.500 0.000
0.500 0.500 0.000
0.500 0.500 0.000
0.500 0.500 0.000
0.500 0.500 0.001
