latitude,longitude,elevation,name
48.357047502618,-4.8480606079102
48.355336473558,-4.8415374755859
48.345525464438,-4.8575019836426
48.342216675018,-4.8568153381348
48.341189765662,-4.8575019836426
48.341988474727,-4.8604202270508
48.340733354863,-4.8614501953125
48.341874374198,-4.8647117614746
48.341189765662,-4.8650550842285
48.341760273414,-4.8660850524902
48.34529727896,-4.8636817932129
48.345753648894,-4.859561920166
48.348491782684,-4.8592185974121
48.350887529075,-4.8585319519043
48.352256476444,-4.8538970947265
48.357161569178,-4.848575592041
