BW      SF  PS   SNR  BER        RSSI          ToA  L
125000  7   10   -40  0.0442862  -157.0309002  0.0247812  2
125000  7   10   -30  0.0428572  -147.0309002  0.0247812  2
125000  7   10   -20  0.0500002  -137.0309002  0.0247812  2
125000  7   10   -10  0.0057142  -127.0309002  0.0247812  1
125000  7   10   0    0.0000002  -117.0309002  0.0247812  1
125000  7   30   -40  0.0500002  -157.0309002  0.0288772  2
125000  7   30   -30  0.0500002  -147.0309002  0.0288772  2
125000  7   30   -20  0.0433332  -137.0309002  0.0288772  2
125000  7   30   -10  0.0000002  -127.0309002  0.0288772  1
125000  7   30   0    0.0000002  -117.0309002  0.0288772  1
125000  7   50   -40  0.0477142  -157.0309002  0.0329732  2
125000  7   50   -30  0.0502862  -147.0309002  0.0329732  2
125000  7   50   -20  0.0451432  -137.0309002  0.0329732  2
125000  7   50   -10  0.0008572  -127.0309002  0.0329732  1
125000  7   50   0    0.0000002  -117.0309002  0.0329732  1
125000  7   70   -40  0.0493882  -157.0309002  0.0370692  2
125000  7   70   -30  0.0465312  -147.0309002  0.0370692  2
125000  7   70   -20  0.0424492  -137.0309002  0.0370692  2
125000  7   70   -10  0.0022452  -127.0309002  0.0370692  1
125000  7   70   0    0.0000002  -117.0309002  0.0370692  1
125000  7   90   -40  0.0509522  -157.0309002  0.0411652  2
125000  7   90   -30  0.0503172  -147.0309002  0.0411652  2
125000  7   90   -20  0.0484132  -137.0309002  0.0411652  2
125000  7   90   -10  0.0009522  -127.0309002  0.0411652  1
125000  7   90   0    0.0000002  -117.0309002  0.0411652  1
125000  7   110  -40  0.0506492  -157.0309002  0.0452612  2
125000  7   110  -30  0.0475322  -147.0309002  0.0452612  2
125000  7   110  -20  0.0440262  -137.0309002  0.0452612  2
125000  7   110  -10  0.0022082  -127.0309002  0.0452612  1
125000  7   110  0    0.0000002  -117.0309002  0.0452612  1
125000  8   10   -40  0.0475002  -157.0309002  0.0495622  2
125000  8   10   -30  0.0375002  -147.0309002  0.0495622  2
125000  8   10   -20  0.0487502  -137.0309002  0.0495622  2
125000  8   10   -10  0.0000002  -127.0309002  0.0495622  1
125000  8   10   0    0.0000002  -117.0309002  0.0495622  1
125000  8   30   -40  0.0525002  -157.0309002  0.0577542  2
125000  8   30   -30  0.0479172  -147.0309002  0.0577542  2
125000  8   30   -20  0.0383332  -137.0309002  0.0577542  2
125000  8   30   -10  0.0000002  -127.0309002  0.0577542  1
125000  8   30   0    0.0000002  -117.0309002  0.0577542  1
125000  8   50   -40  0.0510002  -157.0309002  0.0577542  2
125000  8   50   -30  0.0517502  -147.0309002  0.0577542  2
125000  8   50   -20  0.0367502  -137.0309002  0.0577542  2
125000  8   50   -10  0.0000002  -127.0309002  0.0577542  1
125000  8   50   0    0.0000002  -117.0309002  0.0577542  1
125000  8   70   -40  0.0466072  -157.0309002  0.0659462  2
125000  8   70   -30  0.0498212  -147.0309002  0.0659462  2
125000  8   70   -20  0.0412502  -137.0309002  0.0659462  2
125000  8   70   -10  0.0000002  -127.0309002  0.0659462  1
125000  8   70   0    0.0000002  -117.0309002  0.0659462  1
125000  8   90   -40  0.0515282  -157.0309002  0.0741382  2
125000  8   90   -30  0.0536112  -147.0309002  0.0741382  2
125000  8   90   -20  0.0405562  -137.0309002  0.0741382  2
125000  8   90   -10  0.0000002  -127.0309002  0.0741382  1
125000  8   90   0    0.0000002  -117.0309002  0.0741382  1
125000  8   110  -40  0.0505682  -157.0309002  0.0823302  2
125000  8   110  -30  0.0485232  -147.0309002  0.0823302  2
125000  8   110  -20  0.0456822  -137.0309002  0.0823302  2
125000  8   110  -10  0.0000002  -127.0309002  0.0823302  1
125000  8   110  0    0.0000002  -117.0309002  0.0823302  1
125000  9   10   -40  0.0433332  -157.0309002  0.0991232  2
125000  9   10   -30  0.0400002  -147.0309002  0.0991232  2
125000  9   10   -20  0.0433332  -137.0309002  0.0991232  2
125000  9   10   -10  0.0000002  -127.0309002  0.0991232  1
125000  9   10   0    0.0000002  -117.0309002  0.0991232  1
125000  9   30   -40  0.0459262  -157.0309002  0.0991232  2
125000  9   30   -30  0.0529632  -147.0309002  0.0991232  2
125000  9   30   -20  0.0329632  -137.0309002  0.0991232  2
125000  9   30   -10  0.0000002  -127.0309002  0.0991232  1
125000  9   30   0    0.0000002  -117.0309002  0.0991232  1
125000  9   50   -40  0.0471112  -157.0309002  0.1155072  2
125000  9   50   -30  0.0495562  -147.0309002  0.1155072  2
125000  9   50   -20  0.0324442  -137.0309002  0.1155072  2
125000  9   50   -10  0.0000002  -127.0309002  0.1155072  1
125000  9   50   0    0.0000002  -117.0309002  0.1155072  1
125000  9   70   -40  0.0463492  -157.0309002  0.1318912  2
125000  9   70   -30  0.0482542  -147.0309002  0.1318912  2
125000  9   70   -20  0.0276192  -137.0309002  0.1318912  2
125000  9   70   -10  0.0000002  -127.0309002  0.1318912  1
125000  9   70   0    0.0000002  -117.0309002  0.1318912  1
125000  9   90   -40  0.0512352  -157.0309002  0.1318912  2
125000  9   90   -30  0.0486422  -147.0309002  0.1318912  2
125000  9   90   -20  0.0286422  -137.0309002  0.1318912  2
125000  9   90   -10  0.0000002  -127.0309002  0.1318912  1
125000  9   90   0    0.0000002  -117.0309002  0.1318912  1
125000  9   110  -40  0.0505052  -157.0309002  0.1482752  2
125000  9   110  -30  0.0498992  -147.0309002  0.1482752  2
125000  9   110  -20  0.0297982  -137.0309002  0.1482752  2
125000  9   110  -10  0.0000002  -127.0309002  0.1482752  1
125000  9   110  0    0.0000002  -117.0309002  0.1482752  1
125000  10  10   -40  0.0490002  -157.0309002  0.1654782  2
125000  10  10   -30  0.0520002  -147.0309002  0.1654782  2
125000  10  10   -20  0.0100002  -137.0309002  0.1654782  1
125000  10  10   -10  0.0000002  -127.0309002  0.1654782  1
125000  10  10   0    0.0000002  -117.0309002  0.1654782  1
125000  10  30   -40  0.0480002  -157.0309002  0.1982462  2
125000  10  30   -30  0.0453332  -147.0309002  0.1982462  2
125000  10  30   -20  0.0076672  -137.0309002  0.1982462  1
125000  10  30   -10  0.0000002  -127.0309002  0.1982462  1
125000  10  30   0    0.0000002  -117.0309002  0.1982462  1
125000  10  50   -40  0.0494002  -157.0309002  0.2310142  2
125000  10  50   -30  0.0464002  -147.0309002  0.2310142  2
125000  10  50   -20  0.0146002  -137.0309002  0.2310142  1
125000  10  50   -10  0.0000002  -127.0309002  0.2310142  1
125000  10  50   0    0.0000002  -117.0309002  0.2310142  1
125000  10  70   -40  0.0495712  -157.0309002  0.2310142  2
125000  10  70   -30  0.0482862  -147.0309002  0.2310142  2
125000  10  70   -20  0.0121432  -137.0309002  0.2310142  1
125000  10  70   -10  0.0000002  -127.0309002  0.2310142  1
125000  10  70   0    0.0000002  -117.0309002  0.2310142  1
125000  10  90   -40  0.0487782  -157.0309002  0.2637822  2
125000  10  90   -30  0.0474442  -147.0309002  0.2637822  2
125000  10  90   -20  0.0106672  -137.0309002  0.2637822  1
125000  10  90   -10  0.0000002  -127.0309002  0.2637822  1
125000  10  90   0    0.0000002  -117.0309002  0.2637822  1
125000  10  110  -40  0.0521822  -157.0309002  0.2965502  2
125000  10  110  -30  0.0533642  -147.0309002  0.2965502  2
125000  10  110  -20  0.0143642  -137.0309002  0.2965502  1
125000  10  110  -10  0.0000002  -127.0309002  0.2965502  1
125000  10  110  0    0.0000002  -117.0309002  0.2965502  1
125000  11  10   -40  0.0500002  -157.0309002  0.3309572  2
125000  11  10   -30  0.0518182  -147.0309002  0.3309572  2
125000  11  10   -20  0.0000002  -137.0309002  0.3309572  1
125000  11  10   -10  0.0000002  -127.0309002  0.3309572  1
125000  11  10   0    0.0000002  -117.0309002  0.3309572  1
125000  11  30   -40  0.0512122  -157.0309002  0.3964932  2
125000  11  30   -30  0.0448482  -147.0309002  0.3964932  2
125000  11  30   -20  0.0000002  -137.0309002  0.3964932  0
125000  11  30   -10  0.0000002  -127.0309002  0.3964932  1
125000  11  30   0    0.0000002  -117.0309002  0.3964932  1
125000  11  50   -40  0.0496362  -157.0309002  0.3964932  2
125000  11  50   -30  0.0465452  -147.0309002  0.3964932  2
125000  11  50   -20  0.0081822  -137.0309002  0.3964932  0
125000  11  50   -10  0.0000002  -127.0309002  0.3964932  1
125000  11  50   0    0.0000002  -117.0309002  0.3964932  1
125000  11  70   -40  0.0522082  -157.0309002  0.4620292  2
125000  11  70   -30  0.0479222  -147.0309002  0.4620292  2
125000  11  70   -20  0.0002602  -137.0309002  0.4620292  0
125000  11  70   -10  0.0000002  -127.0309002  0.4620292  1
125000  11  70   0    0.0000002  -117.0309002  0.4620292  1
125000  11  90   -40  0.0515152  -157.0309002  0.5275652  2
125000  11  90   -30  0.0473742  -147.0309002  0.5275652  2
125000  11  90   -20  0.0014142  -137.0309002  0.5275652  0
125000  11  90   -10  0.0000002  -127.0309002  0.5275652  0
125000  11  90   0    0.0000002  -117.0309002  0.5275652  1
125000  11  110  -40  0.0487602  -157.0309002  0.5275652  2
125000  11  110  -30  0.0481822  -147.0309002  0.5275652  2
125000  11  110  -20  0.0051242  -137.0309002  0.5275652  0
125000  11  110  -10  0.0000002  -127.0309002  0.5275652  0
125000  11  110  0    0.0000002  -117.0309002  0.5275652  1
125000  12  10   -40  0.0458332  -157.0309002  0.6619142  2
125000  12  10   -30  0.0450002  -147.0309002  0.6619142  2
125000  12  10   -20  0.0000002  -137.0309002  0.6619142  0
125000  12  10   -10  0.0000002  -127.0309002  0.6619142  0
125000  12  10   0    0.0000002  -117.0309002  0.6619142  0
125000  12  30   -40  0.0511112  -157.0309002  0.7929862  2
125000  12  30   -30  0.0461112  -147.0309002  0.7929862  2
125000  12  30   -20  0.0000002  -137.0309002  0.7929862  0
125000  12  30   -10  0.0000002  -127.0309002  0.7929862  0
125000  12  30   0    0.0000002  -117.0309002  0.7929862  0
125000  12  50   -40  0.0476672  -157.0309002  0.7929862  2
125000  12  50   -30  0.0463332  -147.0309002  0.7929862  2
125000  12  50   -20  0.0000002  -137.0309002  0.7929862  0
125000  12  50   -10  0.0000002  -127.0309002  0.7929862  0
125000  12  50   0    0.0000002  -117.0309002  0.7929862  0
125000  12  70   -40  0.0508332  -157.0309002  0.9240582  2
125000  12  70   -30  0.0421432  -147.0309002  0.9240582  2
125000  12  70   -20  0.0033332  -137.0309002  0.9240582  0
125000  12  70   -10  0.0000002  -127.0309002  0.9240582  0
125000  12  70   0    0.0000002  -117.0309002  0.9240582  0
125000  12  90   -40  0.0494442  -157.0309002  0.9240582  2
125000  12  90   -30  0.0403702  -147.0309002  0.9240582  2
125000  12  90   -20  0.0000002  -137.0309002  0.9240582  0
125000  12  90   -10  0.0000002  -127.0309002  0.9240582  0
125000  12  90   0    0.0000002  -117.0309002  0.9240582  0
125000  12  110  -40  0.0489392  -157.0309002  1.0551302  2
125000  12  110  -30  0.0429552  -147.0309002  1.0551302  2
125000  12  110  -20  0.0000002  -137.0309002  1.0551302  0
125000  12  110  -10  0.0000002  -127.0309002  1.0551302  0
125000  12  110  0    0.0000002  -117.0309002  1.0551302  0
250000  7   10   -40  0.0442862  -154.0206002  0.0123902  2
250000  7   10   -30  0.0428572  -144.0206002  0.0123902  2
250000  7   10   -20  0.0442862  -134.0206002  0.0123902  2
250000  7   10   -10  0.0000002  -124.0206002  0.0123902  1
250000  7   10   0    0.0000002  -114.0206002  0.0123902  1
250000  7   30   -40  0.0480952  -154.0206002  0.0144382  2
250000  7   30   -30  0.0504762  -144.0206002  0.0144382  2
250000  7   30   -20  0.0466672  -134.0206002  0.0144382  2
250000  7   30   -10  0.0033332  -124.0206002  0.0144382  1
250000  7   30   0    0.0000002  -114.0206002  0.0144382  1
250000  7   50   -40  0.0482862  -154.0206002  0.0164862  2
250000  7   50   -30  0.0494292  -144.0206002  0.0164862  2
250000  7   50   -20  0.0488572  -134.0206002  0.0164862  2
250000  7   50   -10  0.0025712  -124.0206002  0.0164862  1
250000  7   50   0    0.0000002  -114.0206002  0.0164862  1
250000  7   70   -40  0.0502042  -154.0206002  0.0185342  2
250000  7   70   -30  0.0508162  -144.0206002  0.0185342  2
250000  7   70   -20  0.0448982  -134.0206002  0.0185342  2
250000  7   70   -10  0.0010202  -124.0206002  0.0185342  1
250000  7   70   0    0.0000002  -114.0206002  0.0185342  1
250000  7   90   -40  0.0547622  -154.0206002  0.0205822  2
250000  7   90   -30  0.0515872  -144.0206002  0.0205822  2
250000  7   90   -20  0.0477782  -134.0206002  0.0205822  2
250000  7   90   -10  0.0030162  -124.0206002  0.0205822  1
250000  7   90   0    0.0000002  -114.0206002  0.0205822  1
250000  7   110  -40  0.0488312  -154.0206002  0.0226302  2
250000  7   110  -30  0.0470132  -144.0206002  0.0226302  2
250000  7   110  -20  0.0457142  -134.0206002  0.0226302  2
250000  7   110  -10  0.0009092  -124.0206002  0.0226302  1
250000  7   110  0    0.0000002  -114.0206002  0.0226302  1
250000  8   10   -40  0.0425002  -154.0206002  0.0247812  2
250000  8   10   -30  0.0550002  -144.0206002  0.0247812  2
250000  8   10   -20  0.0625002  -134.0206002  0.0247812  2
250000  8   10   -10  0.0000002  -124.0206002  0.0247812  1
250000  8   10   0    0.0000002  -114.0206002  0.0247812  1
250000  8   30   -40  0.0466672  -154.0206002  0.0288772  2
250000  8   30   -30  0.0520832  -144.0206002  0.0288772  2
250000  8   30   -20  0.0354172  -134.0206002  0.0288772  2
250000  8   30   -10  0.0000002  -124.0206002  0.0288772  1
250000  8   30   0    0.0000002  -114.0206002  0.0288772  1
250000  8   50   -40  0.0497502  -154.0206002  0.0288772  2
250000  8   50   -30  0.0450002  -144.0206002  0.0288772  2
250000  8   50   -20  0.0412502  -134.0206002  0.0288772  2
250000  8   50   -10  0.0000002  -124.0206002  0.0288772  1
250000  8   50   0    0.0000002  -114.0206002  0.0288772  1
250000  8   70   -40  0.0485712  -154.0206002  0.0329732  2
250000  8   70   -30  0.0464292  -144.0206002  0.0329732  2
250000  8   70   -20  0.0417862  -134.0206002  0.0329732  2
250000  8   70   -10  0.0000002  -124.0206002  0.0329732  1
250000  8   70   0    0.0000002  -114.0206002  0.0329732  1
250000  8   90   -40  0.0501392  -154.0206002  0.0370692  2
250000  8   90   -30  0.0465282  -144.0206002  0.0370692  2
250000  8   90   -20  0.0398612  -134.0206002  0.0370692  2
250000  8   90   -10  0.0000002  -124.0206002  0.0370692  1
250000  8   90   0    0.0000002  -114.0206002  0.0370692  1
250000  8   110  -40  0.0512502  -154.0206002  0.0411652  2
250000  8   110  -30  0.0518182  -144.0206002  0.0411652  2
250000  8   110  -20  0.0457952  -134.0206002  0.0411652  2
250000  8   110  -10  0.0000002  -124.0206002  0.0411652  1
250000  8   110  0    0.0000002  -114.0206002  0.0411652  1
250000  9   10   -40  0.0533332  -154.0206002  0.0495622  2
250000  9   10   -30  0.0500002  -144.0206002  0.0495622  2
250000  9   10   -20  0.0311112  -134.0206002  0.0495622  2
250000  9   10   -10  0.0000002  -124.0206002  0.0495622  1
250000  9   10   0    0.0000002  -114.0206002  0.0495622  1
250000  9   30   -40  0.0503702  -154.0206002  0.0495622  2
250000  9   30   -30  0.0488892  -144.0206002  0.0495622  2
250000  9   30   -20  0.0322222  -134.0206002  0.0495622  2
250000  9   30   -10  0.0000002  -124.0206002  0.0495622  1
250000  9   30   0    0.0000002  -114.0206002  0.0495622  1
250000  9   50   -40  0.0537782  -154.0206002  0.0577542  2
250000  9   50   -30  0.0473332  -144.0206002  0.0577542  2
250000  9   50   -20  0.0315562  -134.0206002  0.0577542  2
250000  9   50   -10  0.0000002  -124.0206002  0.0577542  1
250000  9   50   0    0.0000002  -114.0206002  0.0577542  1
250000  9   70   -40  0.0519052  -154.0206002  0.0659462  2
250000  9   70   -30  0.0490482  -144.0206002  0.0659462  2
250000  9   70   -20  0.0328572  -134.0206002  0.0659462  2
250000  9   70   -10  0.0000002  -124.0206002  0.0659462  1
250000  9   70   0    0.0000002  -114.0206002  0.0659462  1
250000  9   90   -40  0.0534572  -154.0206002  0.0659462  2
250000  9   90   -30  0.0544442  -144.0206002  0.0659462  2
250000  9   90   -20  0.0323462  -134.0206002  0.0659462  2
250000  9   90   -10  0.0000002  -124.0206002  0.0659462  1
250000  9   90   0    0.0000002  -114.0206002  0.0659462  1
250000  9   110  -40  0.0504042  -154.0206002  0.0741382  2
250000  9   110  -30  0.0534342  -144.0206002  0.0741382  2
250000  9   110  -20  0.0267682  -134.0206002  0.0741382  2
250000  9   110  -10  0.0000002  -124.0206002  0.0741382  1
250000  9   110  0    0.0000002  -114.0206002  0.0741382  1
250000  10  10   -40  0.0430002  -154.0206002  0.0827392  2
250000  10  10   -30  0.0560002  -144.0206002  0.0827392  2
250000  10  10   -20  0.0120002  -134.0206002  0.0827392  1
250000  10  10   -10  0.0000002  -124.0206002  0.0827392  1
250000  10  10   0    0.0000002  -114.0206002  0.0827392  1
250000  10  30   -40  0.0503332  -154.0206002  0.0991232  2
250000  10  30   -30  0.0530002  -144.0206002  0.0991232  2
250000  10  30   -20  0.0103332  -134.0206002  0.0991232  1
250000  10  30   -10  0.0030002  -124.0206002  0.0991232  1
250000  10  30   0    0.0000002  -114.0206002  0.0991232  1
250000  10  50   -40  0.0472002  -154.0206002  0.1155072  2
250000  10  50   -30  0.0452002  -144.0206002  0.1155072  2
250000  10  50   -20  0.0122002  -134.0206002  0.1155072  1
250000  10  50   -10  0.0000002  -124.0206002  0.1155072  1
250000  10  50   0    0.0000002  -114.0206002  0.1155072  1
250000  10  70   -40  0.0515712  -154.0206002  0.1155072  2
250000  10  70   -30  0.0517142  -144.0206002  0.1155072  2
250000  10  70   -20  0.0121432  -134.0206002  0.1155072  1
250000  10  70   -10  0.0000002  -124.0206002  0.1155072  1
250000  10  70   0    0.0000002  -114.0206002  0.1155072  1
250000  10  90   -40  0.0485562  -154.0206002  0.1318912  2
250000  10  90   -30  0.0456672  -144.0206002  0.1318912  2
250000  10  90   -20  0.0173332  -134.0206002  0.1318912  1
250000  10  90   -10  0.0000002  -124.0206002  0.1318912  1
250000  10  90   0    0.0000002  -114.0206002  0.1318912  1
250000  10  110  -40  0.0484552  -154.0206002  0.1482752  2
250000  10  110  -30  0.0480912  -144.0206002  0.1482752  2
250000  10  110  -20  0.0197272  -134.0206002  0.1482752  1
250000  10  110  -10  0.0000002  -124.0206002  0.1482752  1
250000  10  110  0    0.0000002  -114.0206002  0.1482752  1
250000  11  10   -40  0.0527272  -154.0206002  0.1654782  2
250000  11  10   -30  0.0581822  -144.0206002  0.1654782  2
250000  11  10   -20  0.0000002  -134.0206002  0.1654782  1
250000  11  10   -10  0.0000002  -124.0206002  0.1654782  1
250000  11  10   0    0.0000002  -114.0206002  0.1654782  1
250000  11  30   -40  0.0487882  -154.0206002  0.1982462  2
250000  11  30   -30  0.0506062  -144.0206002  0.1982462  2
250000  11  30   -20  0.0054552  -134.0206002  0.1982462  1
250000  11  30   -10  0.0000002  -124.0206002  0.1982462  1
250000  11  30   0    0.0000002  -114.0206002  0.1982462  1
250000  11  50   -40  0.0501822  -154.0206002  0.1982462  2
250000  11  50   -30  0.0525452  -144.0206002  0.1982462  2
250000  11  50   -20  0.0000002  -134.0206002  0.1982462  1
250000  11  50   -10  0.0000002  -124.0206002  0.1982462  1
250000  11  50   0    0.0000002  -114.0206002  0.1982462  1
250000  11  70   -40  0.0485712  -154.0206002  0.2310142  2
250000  11  70   -30  0.0505192  -144.0206002  0.2310142  2
250000  11  70   -20  0.0019482  -134.0206002  0.2310142  1
250000  11  70   -10  0.0000002  -124.0206002  0.2310142  1
250000  11  70   0    0.0000002  -114.0206002  0.2310142  1
250000  11  90   -40  0.0487882  -154.0206002  0.2637822  2
250000  11  90   -30  0.0472732  -144.0206002  0.2637822  2
250000  11  90   -20  0.0054552  -134.0206002  0.2637822  1
250000  11  90   -10  0.0000002  -124.0206002  0.2637822  1
250000  11  90   0    0.0000002  -114.0206002  0.2637822  1
250000  11  110  -40  0.0499172  -154.0206002  0.2637822  2
250000  11  110  -30  0.0471072  -144.0206002  0.2637822  2
250000  11  110  -20  0.0005792  -134.0206002  0.2637822  1
250000  11  110  -10  0.0000002  -124.0206002  0.2637822  1
250000  11  110  0    0.0000002  -114.0206002  0.2637822  1
250000  12  10   -40  0.0475002  -154.0206002  0.3309572  2
250000  12  10   -30  0.0541672  -144.0206002  0.3309572  2
250000  12  10   -20  0.0000002  -134.0206002  0.3309572  1
250000  12  10   -10  0.0000002  -124.0206002  0.3309572  1
250000  12  10   0    0.0000002  -114.0206002  0.3309572  1
250000  12  30   -40  0.0466672  -154.0206002  0.3964932  2
250000  12  30   -30  0.0419442  -144.0206002  0.3964932  2
250000  12  30   -20  0.0000002  -134.0206002  0.3964932  0
250000  12  30   -10  0.0000002  -124.0206002  0.3964932  1
250000  12  30   0    0.0000002  -114.0206002  0.3964932  1
250000  12  50   -40  0.0520002  -154.0206002  0.3964932  2
250000  12  50   -30  0.0428332  -144.0206002  0.3964932  2
250000  12  50   -20  0.0000002  -134.0206002  0.3964932  0
250000  12  50   -10  0.0000002  -124.0206002  0.3964932  1
250000  12  50   0    0.0000002  -114.0206002  0.3964932  1
250000  12  70   -40  0.0528572  -154.0206002  0.4620292  2
250000  12  70   -30  0.0441672  -144.0206002  0.4620292  2
250000  12  70   -20  0.0144052  -134.0206002  0.4620292  0
250000  12  70   -10  0.0000002  -124.0206002  0.4620292  1
250000  12  70   0    0.0000002  -114.0206002  0.4620292  1
250000  12  90   -40  0.0533332  -154.0206002  0.4620292  2
250000  12  90   -30  0.0407412  -144.0206002  0.4620292  2
250000  12  90   -20  0.0000002  -134.0206002  0.4620292  0
250000  12  90   -10  0.0000002  -124.0206002  0.4620292  1
250000  12  90   0    0.0000002  -114.0206002  0.4620292  1
250000  12  110  -40  0.0511362  -154.0206002  0.5275652  2
250000  12  110  -30  0.0421212  -144.0206002  0.5275652  2
250000  12  110  -20  0.0090152  -134.0206002  0.5275652  0
250000  12  110  -10  0.0000002  -124.0206002  0.5275652  1
250000  12  110  0    0.0000002  -114.0206002  0.5275652  1
500000  7   10   -40  0.0600002  -151.0103002  0.0061952  2
500000  7   10   -30  0.0414292  -141.0103002  0.0061952  2
500000  7   10   -20  0.0428572  -131.0103002  0.0061952  2
500000  7   10   -10  0.0000002  -121.0103002  0.0061952  1
500000  7   10   0    0.0000002  -111.0103002  0.0061952  1
500000  7   30   -40  0.0528572  -151.0103002  0.0072192  2
500000  7   30   -30  0.0571432  -141.0103002  0.0072192  2
500000  7   30   -20  0.0519052  -131.0103002  0.0072192  2
500000  7   30   -10  0.0023812  -121.0103002  0.0072192  1
500000  7   30   0    0.0000002  -111.0103002  0.0072192  1
500000  7   50   -40  0.0462862  -151.0103002  0.0082432  2
500000  7   50   -30  0.0517142  -141.0103002  0.0082432  2
500000  7   50   -20  0.0502862  -131.0103002  0.0082432  2
500000  7   50   -10  0.0025712  -121.0103002  0.0082432  1
500000  7   50   0    0.0000002  -111.0103002  0.0082432  1
500000  7   70   -40  0.0459182  -151.0103002  0.0092672  2
500000  7   70   -30  0.0475512  -141.0103002  0.0092672  2
500000  7   70   -20  0.0463272  -131.0103002  0.0092672  2
500000  7   70   -10  0.0018372  -121.0103002  0.0092672  1
500000  7   70   0    0.0000002  -111.0103002  0.0092672  1
500000  7   90   -40  0.0511112  -151.0103002  0.0102912  2
500000  7   90   -30  0.0538102  -141.0103002  0.0102912  2
500000  7   90   -20  0.0431752  -131.0103002  0.0102912  2
500000  7   90   -10  0.0019052  -121.0103002  0.0102912  1
500000  7   90   0    0.0000002  -111.0103002  0.0102912  1
500000  7   110  -40  0.0489612  -151.0103002  0.0113152  2
500000  7   110  -30  0.0480522  -141.0103002  0.0113152  2
500000  7   110  -20  0.0480522  -131.0103002  0.0113152  2
500000  7   110  -10  0.0016882  -121.0103002  0.0113152  1
500000  7   110  0    0.0000002  -111.0103002  0.0113152  1
500000  8   10   -40  0.0487502  -151.0103002  0.0123902  2
500000  8   10   -30  0.0512502  -141.0103002  0.0123902  2
500000  8   10   -20  0.0512502  -131.0103002  0.0123902  2
500000  8   10   -10  0.0000002  -121.0103002  0.0123902  1
500000  8   10   0    0.0000002  -111.0103002  0.0123902  1
500000  8   30   -40  0.0554172  -151.0103002  0.0144382  2
500000  8   30   -30  0.0558332  -141.0103002  0.0144382  2
500000  8   30   -20  0.0391672  -131.0103002  0.0144382  2
500000  8   30   -10  0.0000002  -121.0103002  0.0144382  1
500000  8   30   0    0.0000002  -111.0103002  0.0144382  1
500000  8   50   -40  0.0532502  -151.0103002  0.0144382  2
500000  8   50   -30  0.0460002  -141.0103002  0.0144382  2
500000  8   50   -20  0.0457502  -131.0103002  0.0144382  2
500000  8   50   -10  0.0000002  -121.0103002  0.0144382  1
500000  8   50   0    0.0000002  -111.0103002  0.0144382  1
500000  8   70   -40  0.0489292  -151.0103002  0.0164862  2
500000  8   70   -30  0.0492862  -141.0103002  0.0164862  2
500000  8   70   -20  0.0416072  -131.0103002  0.0164862  2
500000  8   70   -10  0.0000002  -121.0103002  0.0164862  1
500000  8   70   0    0.0000002  -111.0103002  0.0164862  1
500000  8   90   -40  0.0509722  -151.0103002  0.0185342  2
500000  8   90   -30  0.0516672  -141.0103002  0.0185342  2
500000  8   90   -20  0.0437502  -131.0103002  0.0185342  2
500000  8   90   -10  0.0000002  -121.0103002  0.0185342  1
500000  8   90   0    0.0000002  -111.0103002  0.0185342  1
500000  8   110  -40  0.0500002  -151.0103002  0.0205822  2
500000  8   110  -30  0.0518182  -141.0103002  0.0205822  2
500000  8   110  -20  0.0426142  -131.0103002  0.0205822  2
500000  8   110  -10  0.0000002  -121.0103002  0.0205822  1
500000  8   110  0    0.0000002  -111.0103002  0.0205822  1
500000  9   10   -40  0.0577782  -151.0103002  0.0247812  2
500000  9   10   -30  0.0522222  -141.0103002  0.0247812  2
500000  9   10   -20  0.0311112  -131.0103002  0.0247812  2
500000  9   10   -10  0.0000002  -121.0103002  0.0247812  1
500000  9   10   0    0.0000002  -111.0103002  0.0247812  1
500000  9   30   -40  0.0470372  -151.0103002  0.0247812  2
500000  9   30   -30  0.0500002  -141.0103002  0.0247812  2
500000  9   30   -20  0.0240742  -131.0103002  0.0247812  1
500000  9   30   -10  0.0000002  -121.0103002  0.0247812  1
500000  9   30   0    0.0000002  -111.0103002  0.0247812  1
500000  9   50   -40  0.0477782  -151.0103002  0.0288772  2
500000  9   50   -30  0.0484442  -141.0103002  0.0288772  2
500000  9   50   -20  0.0331112  -131.0103002  0.0288772  2
500000  9   50   -10  0.0000002  -121.0103002  0.0288772  1
500000  9   50   0    0.0000002  -111.0103002  0.0288772  1
500000  9   70   -40  0.0530162  -151.0103002  0.0329732  2
500000  9   70   -30  0.0479372  -141.0103002  0.0329732  2
500000  9   70   -20  0.0312702  -131.0103002  0.0329732  2
500000  9   70   -10  0.0000002  -121.0103002  0.0329732  1
500000  9   70   0    0.0000002  -111.0103002  0.0329732  1
500000  9   90   -40  0.0493832  -151.0103002  0.0329732  2
500000  9   90   -30  0.0477782  -141.0103002  0.0329732  2
500000  9   90   -20  0.0311112  -131.0103002  0.0329732  2
500000  9   90   -10  0.0000002  -121.0103002  0.0329732  1
500000  9   90   0    0.0000002  -111.0103002  0.0329732  1
500000  9   110  -40  0.0482832  -151.0103002  0.0370692  2
500000  9   110  -30  0.0492932  -141.0103002  0.0370692  2
500000  9   110  -20  0.0370712  -131.0103002  0.0370692  2
500000  9   110  -10  0.0000002  -121.0103002  0.0370692  1
500000  9   110  0    0.0000002  -111.0103002  0.0370692  1
500000  10  10   -40  0.0510002  -151.0103002  0.0413702  2
500000  10  10   -30  0.0500002  -141.0103002  0.0413702  2
500000  10  10   -20  0.0120002  -131.0103002  0.0413702  1
500000  10  10   -10  0.0000002  -121.0103002  0.0413702  1
500000  10  10   0    0.0000002  -111.0103002  0.0413702  1
500000  10  30   -40  0.0476672  -151.0103002  0.0495622  2
500000  10  30   -30  0.0463332  -141.0103002  0.0495622  2
500000  10  30   -20  0.0073332  -131.0103002  0.0495622  1
500000  10  30   -10  0.0000002  -121.0103002  0.0495622  1
500000  10  30   0    0.0000002  -111.0103002  0.0495622  1
500000  10  50   -40  0.0496002  -151.0103002  0.0577542  2
500000  10  50   -30  0.0492002  -141.0103002  0.0577542  2
500000  10  50   -20  0.0136002  -131.0103002  0.0577542  1
500000  10  50   -10  0.0000002  -121.0103002  0.0577542  1
500000  10  50   0    0.0000002  -111.0103002  0.0577542  1
500000  10  70   -40  0.0538572  -151.0103002  0.0577542  2
500000  10  70   -30  0.0491432  -141.0103002  0.0577542  2
500000  10  70   -20  0.0102862  -131.0103002  0.0577542  1
500000  10  70   -10  0.0000002  -121.0103002  0.0577542  1
500000  10  70   0    0.0000002  -111.0103002  0.0577542  1
500000  10  90   -40  0.0497782  -151.0103002  0.0659462  2
500000  10  90   -30  0.0501112  -141.0103002  0.0659462  2
500000  10  90   -20  0.0135562  -131.0103002  0.0659462  1
500000  10  90   -10  0.0000002  -121.0103002  0.0659462  1
500000  10  90   0    0.0000002  -111.0103002  0.0659462  1
500000  10  110  -40  0.0513642  -151.0103002  0.0741382  2
500000  10  110  -30  0.0484552  -141.0103002  0.0741382  2
500000  10  110  -20  0.0105452  -131.0103002  0.0741382  1
500000  10  110  -10  0.0000002  -121.0103002  0.0741382  1
500000  10  110  0    0.0000002  -111.0103002  0.0741382  1
500000  11  10   -40  0.0481822  -151.0103002  0.0827392  2
500000  11  10   -30  0.0490912  -141.0103002  0.0827392  2
500000  11  10   -20  0.0000002  -131.0103002  0.0827392  1
500000  11  10   -10  0.0000002  -121.0103002  0.0827392  1
500000  11  10   0    0.0000002  -111.0103002  0.0827392  1
500000  11  30   -40  0.0530302  -151.0103002  0.0991232  2
500000  11  30   -30  0.0442422  -141.0103002  0.0991232  2
500000  11  30   -20  0.0000002  -131.0103002  0.0991232  1
500000  11  30   -10  0.0000002  -121.0103002  0.0991232  1
500000  11  30   0    0.0000002  -111.0103002  0.0991232  1
500000  11  50   -40  0.0509092  -151.0103002  0.0991232  2
500000  11  50   -30  0.0423642  -141.0103002  0.0991232  2
500000  11  50   -20  0.0000002  -131.0103002  0.0991232  1
500000  11  50   -10  0.0000002  -121.0103002  0.0991232  1
500000  11  50   0    0.0000002  -111.0103002  0.0991232  1
500000  11  70   -40  0.0503902  -151.0103002  0.1155072  2
500000  11  70   -30  0.0477922  -141.0103002  0.1155072  2
500000  11  70   -20  0.0016882  -131.0103002  0.1155072  1
500000  11  70   -10  0.0000002  -121.0103002  0.1155072  1
500000  11  70   0    0.0000002  -111.0103002  0.1155072  1
500000  11  90   -40  0.0496972  -151.0103002  0.1318912  2
500000  11  90   -30  0.0474752  -141.0103002  0.1318912  2
500000  11  90   -20  0.0012122  -131.0103002  0.1318912  1
500000  11  90   -10  0.0000002  -121.0103002  0.1318912  1
500000  11  90   0    0.0000002  -111.0103002  0.1318912  1
500000  11  110  -40  0.0511572  -151.0103002  0.1318912  2
500000  11  110  -30  0.0454552  -141.0103002  0.1318912  2
500000  11  110  -20  0.0020662  -131.0103002  0.1318912  1
500000  11  110  -10  0.0000002  -121.0103002  0.1318912  1
500000  11  110  0    0.0000002  -111.0103002  0.1318912  1
500000  12  10   -40  0.0475002  -151.0103002  0.1654782  2
500000  12  10   -30  0.0291672  -141.0103002  0.1654782  2
500000  12  10   -20  0.0000002  -131.0103002  0.1654782  1
500000  12  10   -10  0.0000002  -121.0103002  0.1654782  1
500000  12  10   0    0.0000002  -111.0103002  0.1654782  1
500000  12  30   -40  0.0452782  -151.0103002  0.1982462  2
500000  12  30   -30  0.0469442  -141.0103002  0.1982462  2
500000  12  30   -20  0.0000002  -131.0103002  0.1982462  1
500000  12  30   -10  0.0000002  -121.0103002  0.1982462  1
500000  12  30   0    0.0000002  -111.0103002  0.1982462  1
500000  12  50   -40  0.0521672  -151.0103002  0.1982462  2
500000  12  50   -30  0.0393332  -141.0103002  0.1982462  2
500000  12  50   -20  0.0121672  -131.0103002  0.1982462  1
500000  12  50   -10  0.0000002  -121.0103002  0.1982462  1
500000  12  50   0    0.0000002  -111.0103002  0.1982462  1
500000  12  70   -40  0.0503572  -151.0103002  0.2310142  2
500000  12  70   -30  0.0429762  -141.0103002  0.2310142  2
500000  12  70   -20  0.0000002  -131.0103002  0.2310142  1
500000  12  70   -10  0.0000002  -121.0103002  0.2310142  1
500000  12  70   0    0.0000002  -111.0103002  0.2310142  1
500000  12  90   -40  0.0516672  -151.0103002  0.2310142  2
500000  12  90   -30  0.0339812  -141.0103002  0.2310142  2
500000  12  90   -20  0.0126852  -131.0103002  0.2310142  1
500000  12  90   -10  0.0000002  -121.0103002  0.2310142  1
500000  12  90   0    0.0000002  -111.0103002  0.2310142  1
500000  12  110  -40  0.0483332  -151.0103002  0.2637822  2
500000  12  110  -30  0.0413642  -141.0103002  0.2637822  2
500000  12  110  -20  0.0014392  -131.0103002  0.2637822  1
500000  12  110  -10  0.0029552  -121.0103002  0.2637822  1
500000  12  110  0    0.0000002  -111.0103002  0.2637822  1
