latitude,longitude,elevation,name
48.485438500298,-4.775276184082,0.0,Px1y1
48.485438500298,-4.7666931152344,0.0,Px2y1
48.485438500298,-4.7581100463867,0.0,Px3y1
48.485438500298,-4.7495269775391,0.0,Px4y1
48.485438500298,-4.7409439086914,0.0,Px5y1
48.485438500298,-4.7323608398438,0.0,Px6y1
48.485438500298,-4.7237777709961,0.0,Px7y1
48.485438500298,-4.7151947021484,0.0,Px8y1
48.485438500298,-4.7066116333008,0.0,Px9y1
48.485438500298,-4.6980285644531,0.0,Px10y1
48.485438500298,-4.6894454956055,0.0,Px11y1
48.485438500298,-4.6808624267578,0.0,Px12y1
48.485438500298,-4.6722793579102,0.0,Px13y1
48.485438500298,-4.6636962890625,0.0,Px14y1
48.485438500298,-4.6551132202148,0.0,Px15y1
48.485438500298,-4.6465301513672,0.0,Px16y1
48.485438500298,-4.6379470825195,0.0,Px17y1
48.485438500298,-4.6293640136719,0.0,Px18y1
48.485438500298,-4.6207809448242,0.0,Px19y1
48.485438500298,-4.6121978759766,0.0,Px20y1
48.485438500298,-4.6036148071289,0.0,Px21y1
48.485438500298,-4.5950317382812,0.0,Px22y1
48.485438500298,-4.5864486694336,0.0,Px23y1
48.485438500298,-4.5778656005859,0.0,Px24y1
48.485438500298,-4.5692825317383,0.0,Px25y1
48.485438500298,-4.5606994628906,0.0,Px26y1
48.485438500298,-4.552116394043,0.0,Px27y1
48.485438500298,-4.5435333251953,0.0,Px28y1
48.485438500298,-4.5349502563476,0.0,Px29y1
48.485438500298,-4.5263671875,0.0,Px30y1
48.485438500298,-4.5177841186523,0.0,Px31y1
48.479749234182,-4.775276184082,0.0,Px1y2
48.479749234182,-4.7666931152344,0.0,Px2y2
48.479749234182,-4.7581100463867,0.0,Px3y2
48.479749234182,-4.7495269775391,0.0,Px4y2
48.479749234182,-4.7409439086914,0.0,Px5y2
48.479749234182,-4.7323608398438,0.0,Px6y2
48.479749234182,-4.7237777709961,0.0,Px7y2
48.479749234182,-4.7151947021484,0.0,Px8y2
48.479749234182,-4.7066116333008,0.0,Px9y2
48.479749234182,-4.6980285644531,0.0,Px10y2
48.479749234182,-4.6894454956055,0.0,Px11y2
48.479749234182,-4.6808624267578,0.0,Px12y2
48.479749234182,-4.6722793579102,0.0,Px13y2
48.479749234182,-4.6636962890625,0.0,Px14y2
48.479749234182,-4.6551132202148,0.0,Px15y2
48.479749234182,-4.6465301513672,0.0,Px16y2
48.479749234182,-4.6379470825195,0.0,Px17y2
48.479749234182,-4.6293640136719,0.0,Px18y2
48.479749234182,-4.6207809448242,0.0,Px19y2
48.479749234182,-4.6121978759766,0.0,Px20y2
48.479749234182,-4.6036148071289,0.0,Px21y2
48.479749234182,-4.5950317382812,0.0,Px22y2
48.479749234182,-4.5864486694336,0.0,Px23y2
48.479749234182,-4.5778656005859,0.0,Px24y2
48.479749234182,-4.5692825317383,0.0,Px25y2
48.479749234182,-4.5606994628906,0.0,Px26y2
48.479749234182,-4.552116394043,0.0,Px27y2
48.479749234182,-4.5435333251953,0.0,Px28y2
48.479749234182,-4.5349502563476,0.0,Px29y2
48.479749234182,-4.5263671875,0.0,Px30y2
48.479749234182,-4.5177841186523,0.0,Px31y2
48.474059329919,-4.775276184082,0.0,Px1y3
48.474059329919,-4.7666931152344,0.0,Px2y3
48.474059329919,-4.7581100463867,0.0,Px3y3
48.474059329919,-4.7495269775391,0.0,Px4y3
48.474059329919,-4.7409439086914,0.0,Px5y3
48.474059329919,-4.7323608398438,0.0,Px6y3
48.474059329919,-4.7237777709961,0.0,Px7y3
48.474059329919,-4.7151947021484,0.0,Px8y3
48.474059329919,-4.7066116333008,0.0,Px9y3
48.474059329919,-4.6980285644531,0.0,Px10y3
48.474059329919,-4.6894454956055,0.0,Px11y3
48.474059329919,-4.6808624267578,0.0,Px12y3
48.474059329919,-4.6722793579102,0.0,Px13y3
48.474059329919,-4.6636962890625,0.0,Px14y3
48.474059329919,-4.6551132202148,0.0,Px15y3
48.474059329919,-4.6465301513672,0.0,Px16y3
48.474059329919,-4.6379470825195,0.0,Px17y3
48.474059329919,-4.6293640136719,0.0,Px18y3
48.474059329919,-4.6207809448242,0.0,Px19y3
48.474059329919,-4.6121978759766,0.0,Px20y3
48.474059329919,-4.6036148071289,0.0,Px21y3
48.474059329919,-4.5950317382812,0.0,Px22y3
48.474059329919,-4.5864486694336,0.0,Px23y3
48.474059329919,-4.5778656005859,0.0,Px24y3
48.474059329919,-4.5692825317383,0.0,Px25y3
48.474059329919,-4.5606994628906,0.0,Px26y3
48.474059329919,-4.552116394043,0.0,Px27y3
48.474059329919,-4.5435333251953,0.0,Px28y3
48.474059329919,-4.5349502563476,0.0,Px29y3
48.474059329919,-4.5263671875,0.0,Px30y3
48.474059329919,-4.5177841186523,0.0,Px31y3
48.468368787494,-4.775276184082,0.0,Px1y4
48.468368787494,-4.7666931152344,0.0,Px2y4
48.468368787494,-4.7581100463867,0.0,Px3y4
48.468368787494,-4.7495269775391,0.0,Px4y4
48.468368787494,-4.7409439086914,0.0,Px5y4
48.468368787494,-4.7323608398438,0.0,Px6y4
48.468368787494,-4.7237777709961,0.0,Px7y4
48.468368787494,-4.7151947021484,0.0,Px8y4
48.468368787494,-4.7066116333008,0.0,Px9y4
48.468368787494,-4.6980285644531,0.0,Px10y4
48.468368787494,-4.6894454956055,0.0,Px11y4
48.468368787494,-4.6808624267578,0.0,Px12y4
48.468368787494,-4.6722793579102,0.0,Px13y4
48.468368787494,-4.6636962890625,0.0,Px14y4
48.468368787494,-4.6551132202148,0.0,Px15y4
48.468368787494,-4.6465301513672,0.0,Px16y4
48.468368787494,-4.6379470825195,0.0,Px17y4
48.468368787494,-4.6293640136719,0.0,Px18y4
48.468368787494,-4.6207809448242,0.0,Px19y4
48.468368787494,-4.6121978759766,0.0,Px20y4
48.468368787494,-4.6036148071289,0.0,Px21y4
48.468368787494,-4.5950317382812,0.0,Px22y4
48.468368787494,-4.5864486694336,0.0,Px23y4
48.468368787494,-4.5778656005859,0.0,Px24y4
48.468368787494,-4.5692825317383,0.0,Px25y4
48.468368787494,-4.5606994628906,0.0,Px26y4
48.468368787494,-4.552116394043,0.0,Px27y4
48.468368787494,-4.5435333251953,0.0,Px28y4
48.468368787494,-4.5349502563476,0.0,Px29y4
48.468368787494,-4.5263671875,0.0,Px30y4
48.468368787494,-4.5177841186523,0.0,Px31y4
48.46267760689,-4.775276184082,0.0,Px1y5
48.46267760689,-4.7666931152344,0.0,Px2y5
48.46267760689,-4.7581100463867,0.0,Px3y5
48.46267760689,-4.7495269775391,0.0,Px4y5
48.46267760689,-4.7409439086914,0.0,Px5y5
48.46267760689,-4.7323608398438,0.0,Px6y5
48.46267760689,-4.7237777709961,0.0,Px7y5
48.46267760689,-4.7151947021484,0.0,Px8y5
48.46267760689,-4.7066116333008,0.0,Px9y5
48.46267760689,-4.6980285644531,0.0,Px10y5
48.46267760689,-4.6894454956055,0.0,Px11y5
48.46267760689,-4.6808624267578,0.0,Px12y5
48.46267760689,-4.6722793579102,0.0,Px13y5
48.46267760689,-4.6636962890625,0.0,Px14y5
48.46267760689,-4.6551132202148,0.0,Px15y5
48.46267760689,-4.6465301513672,0.0,Px16y5
48.46267760689,-4.6379470825195,0.0,Px17y5
48.46267760689,-4.6293640136719,0.0,Px18y5
48.46267760689,-4.6207809448242,0.0,Px19y5
48.46267760689,-4.6121978759766,0.0,Px20y5
48.46267760689,-4.6036148071289,0.0,Px21y5
48.46267760689,-4.5950317382812,0.0,Px22y5
48.46267760689,-4.5864486694336,0.0,Px23y5
48.46267760689,-4.5778656005859,0.0,Px24y5
48.46267760689,-4.5692825317383,0.0,Px25y5
48.46267760689,-4.5606994628906,0.0,Px26y5
48.46267760689,-4.552116394043,0.0,Px27y5
48.46267760689,-4.5435333251953,0.0,Px28y5
48.46267760689,-4.5349502563476,0.0,Px29y5
48.46267760689,-4.5263671875,0.0,Px30y5
48.46267760689,-4.5177841186523,0.0,Px31y5
48.456985788093,-4.775276184082,0.0,Px1y6
48.456985788093,-4.7666931152344,0.0,Px2y6
48.456985788093,-4.7581100463867,0.0,Px3y6
48.456985788093,-4.7495269775391,0.0,Px4y6
48.456985788093,-4.7409439086914,0.0,Px5y6
48.456985788093,-4.7323608398438,0.0,Px6y6
48.456985788093,-4.7237777709961,0.0,Px7y6
48.456985788093,-4.7151947021484,0.0,Px8y6
48.456985788093,-4.7066116333008,0.0,Px9y6
48.456985788093,-4.6980285644531,0.0,Px10y6
48.456985788093,-4.6894454956055,0.0,Px11y6
48.456985788093,-4.6808624267578,0.0,Px12y6
48.456985788093,-4.6722793579102,0.0,Px13y6
48.456985788093,-4.6636962890625,0.0,Px14y6
48.456985788093,-4.6551132202148,0.0,Px15y6
48.456985788093,-4.6465301513672,0.0,Px16y6
48.456985788093,-4.6379470825195,0.0,Px17y6
48.456985788093,-4.6293640136719,0.0,Px18y6
48.456985788093,-4.6207809448242,0.0,Px19y6
48.456985788093,-4.6121978759766,0.0,Px20y6
48.456985788093,-4.6036148071289,0.0,Px21y6
48.456985788093,-4.5950317382812,0.0,Px22y6
48.456985788093,-4.5864486694336,0.0,Px23y6
48.456985788093,-4.5778656005859,0.0,Px24y6
48.456985788093,-4.5692825317383,0.0,Px25y6
48.456985788093,-4.5606994628906,0.0,Px26y6
48.456985788093,-4.552116394043,0.0,Px27y6
48.456985788093,-4.5435333251953,0.0,Px28y6
48.456985788093,-4.5349502563476,0.0,Px29y6
48.456985788093,-4.5263671875,0.0,Px30y6
48.456985788093,-4.5177841186523,0.0,Px31y6
48.451293331087,-4.775276184082,0.0,Px1y7
48.451293331087,-4.7666931152344,0.0,Px2y7
48.451293331087,-4.7581100463867,0.0,Px3y7
48.451293331087,-4.7495269775391,0.0,Px4y7
48.451293331087,-4.7409439086914,0.0,Px5y7
48.451293331087,-4.7323608398438,0.0,Px6y7
48.451293331087,-4.7237777709961,0.0,Px7y7
48.451293331087,-4.7151947021484,0.0,Px8y7
48.451293331087,-4.7066116333008,0.0,Px9y7
48.451293331087,-4.6980285644531,0.0,Px10y7
48.451293331087,-4.6894454956055,0.0,Px11y7
48.451293331087,-4.6808624267578,0.0,Px12y7
48.451293331087,-4.6722793579102,0.0,Px13y7
48.451293331087,-4.6636962890625,0.0,Px14y7
48.451293331087,-4.6551132202148,0.0,Px15y7
48.451293331087,-4.6465301513672,0.0,Px16y7
48.451293331087,-4.6379470825195,0.0,Px17y7
48.451293331087,-4.6293640136719,0.0,Px18y7
48.451293331087,-4.6207809448242,0.0,Px19y7
48.451293331087,-4.6121978759766,0.0,Px20y7
48.451293331087,-4.6036148071289,0.0,Px21y7
48.451293331087,-4.5950317382812,0.0,Px22y7
48.451293331087,-4.5864486694336,0.0,Px23y7
48.451293331087,-4.5778656005859,0.0,Px24y7
48.451293331087,-4.5692825317383,0.0,Px25y7
48.451293331087,-4.5606994628906,0.0,Px26y7
48.451293331087,-4.552116394043,0.0,Px27y7
48.451293331087,-4.5435333251953,0.0,Px28y7
48.451293331087,-4.5349502563476,0.0,Px29y7
48.451293331087,-4.5263671875,0.0,Px30y7
48.451293331087,-4.5177841186523,0.0,Px31y7
48.445600235857,-4.775276184082,0.0,Px1y8
48.445600235857,-4.7666931152344,0.0,Px2y8
48.445600235857,-4.7581100463867,0.0,Px3y8
48.445600235857,-4.7495269775391,0.0,Px4y8
48.445600235857,-4.7409439086914,0.0,Px5y8
48.445600235857,-4.7323608398438,0.0,Px6y8
48.445600235857,-4.7237777709961,0.0,Px7y8
48.445600235857,-4.7151947021484,0.0,Px8y8
48.445600235857,-4.7066116333008,0.0,Px9y8
48.445600235857,-4.6980285644531,0.0,Px10y8
48.445600235857,-4.6894454956055,0.0,Px11y8
48.445600235857,-4.6808624267578,0.0,Px12y8
48.445600235857,-4.6722793579102,0.0,Px13y8
48.445600235857,-4.6636962890625,0.0,Px14y8
48.445600235857,-4.6551132202148,0.0,Px15y8
48.445600235857,-4.6465301513672,0.0,Px16y8
48.445600235857,-4.6379470825195,0.0,Px17y8
48.445600235857,-4.6293640136719,0.0,Px18y8
48.445600235857,-4.6207809448242,0.0,Px19y8
48.445600235857,-4.6121978759766,0.0,Px20y8
48.445600235857,-4.6036148071289,0.0,Px21y8
48.445600235857,-4.5950317382812,0.0,Px22y8
48.445600235857,-4.5864486694336,0.0,Px23y8
48.445600235857,-4.5778656005859,0.0,Px24y8
48.445600235857,-4.5692825317383,0.0,Px25y8
48.445600235857,-4.5606994628906,0.0,Px26y8
48.445600235857,-4.552116394043,0.0,Px27y8
48.445600235857,-4.5435333251953,0.0,Px28y8
48.445600235857,-4.5349502563476,0.0,Px29y8
48.445600235857,-4.5263671875,0.0,Px30y8
48.445600235857,-4.5177841186523,0.0,Px31y8
48.439906502387,-4.775276184082,0.0,Px1y9
48.439906502387,-4.7666931152344,0.0,Px2y9
48.439906502387,-4.7581100463867,0.0,Px3y9
48.439906502387,-4.7495269775391,0.0,Px4y9
48.439906502387,-4.7409439086914,0.0,Px5y9
48.439906502387,-4.7323608398438,0.0,Px6y9
48.439906502387,-4.7237777709961,0.0,Px7y9
48.439906502387,-4.7151947021484,0.0,Px8y9
48.439906502387,-4.7066116333008,0.0,Px9y9
48.439906502387,-4.6980285644531,0.0,Px10y9
48.439906502387,-4.6894454956055,0.0,Px11y9
48.439906502387,-4.6808624267578,0.0,Px12y9
48.439906502387,-4.6722793579102,0.0,Px13y9
48.439906502387,-4.6636962890625,0.0,Px14y9
48.439906502387,-4.6551132202148,0.0,Px15y9
48.439906502387,-4.6465301513672,0.0,Px16y9
48.439906502387,-4.6379470825195,0.0,Px17y9
48.439906502387,-4.6293640136719,0.0,Px18y9
48.439906502387,-4.6207809448242,0.0,Px19y9
48.439906502387,-4.6121978759766,0.0,Px20y9
48.439906502387,-4.6036148071289,0.0,Px21y9
48.439906502387,-4.5950317382812,0.0,Px22y9
48.439906502387,-4.5864486694336,0.0,Px23y9
48.439906502387,-4.5778656005859,0.0,Px24y9
48.439906502387,-4.5692825317383,0.0,Px25y9
48.439906502387,-4.5606994628906,0.0,Px26y9
48.439906502387,-4.552116394043,0.0,Px27y9
48.439906502387,-4.5435333251953,0.0,Px28y9
48.439906502387,-4.5349502563476,0.0,Px29y9
48.439906502387,-4.5263671875,0.0,Px30y9
48.439906502387,-4.5177841186523,0.0,Px31y9
48.434212130663,-4.775276184082,0.0,Px1y10
48.434212130663,-4.7666931152344,0.0,Px2y10
48.434212130663,-4.7581100463867,0.0,Px3y10
48.434212130663,-4.7495269775391,0.0,Px4y10
48.434212130663,-4.7409439086914,0.0,Px5y10
48.434212130663,-4.7323608398438,0.0,Px6y10
48.434212130663,-4.7237777709961,0.0,Px7y10
48.434212130663,-4.7151947021484,0.0,Px8y10
48.434212130663,-4.7066116333008,0.0,Px9y10
48.434212130663,-4.6980285644531,0.0,Px10y10
48.434212130663,-4.6894454956055,0.0,Px11y10
48.434212130663,-4.6808624267578,0.0,Px12y10
48.434212130663,-4.6722793579102,0.0,Px13y10
48.434212130663,-4.6636962890625,0.0,Px14y10
48.434212130663,-4.6551132202148,0.0,Px15y10
48.434212130663,-4.6465301513672,0.0,Px16y10
48.434212130663,-4.6379470825195,0.0,Px17y10
48.434212130663,-4.6293640136719,0.0,Px18y10
48.434212130663,-4.6207809448242,0.0,Px19y10
48.434212130663,-4.6121978759766,0.0,Px20y10
48.434212130663,-4.6036148071289,0.0,Px21y10
48.434212130663,-4.5950317382812,0.0,Px22y10
48.434212130663,-4.5864486694336,0.0,Px23y10
48.434212130663,-4.5778656005859,0.0,Px24y10
48.434212130663,-4.5692825317383,0.0,Px25y10
48.434212130663,-4.5606994628906,0.0,Px26y10
48.434212130663,-4.552116394043,0.0,Px27y10
48.434212130663,-4.5435333251953,0.0,Px28y10
48.434212130663,-4.5349502563476,0.0,Px29y10
48.434212130663,-4.5263671875,0.0,Px30y10
48.434212130663,-4.5177841186523,0.0,Px31y10
48.428517120668,-4.775276184082,0.0,Px1y11
48.428517120668,-4.7666931152344,0.0,Px2y11
48.428517120668,-4.7581100463867,0.0,Px3y11
48.428517120668,-4.7495269775391,0.0,Px4y11
48.428517120668,-4.7409439086914,0.0,Px5y11
48.428517120668,-4.7323608398438,0.0,Px6y11
48.428517120668,-4.7237777709961,0.0,Px7y11
48.428517120668,-4.7151947021484,0.0,Px8y11
48.428517120668,-4.7066116333008,0.0,Px9y11
48.428517120668,-4.6980285644531,0.0,Px10y11
48.428517120668,-4.6894454956055,0.0,Px11y11
48.428517120668,-4.6808624267578,0.0,Px12y11
48.428517120668,-4.6722793579102,0.0,Px13y11
48.428517120668,-4.6636962890625,0.0,Px14y11
48.428517120668,-4.6551132202148,0.0,Px15y11
48.428517120668,-4.6465301513672,0.0,Px16y11
48.428517120668,-4.6379470825195,0.0,Px17y11
48.428517120668,-4.6293640136719,0.0,Px18y11
48.428517120668,-4.6207809448242,0.0,Px19y11
48.428517120668,-4.6121978759766,0.0,Px20y11
48.428517120668,-4.6036148071289,0.0,Px21y11
48.428517120668,-4.5950317382812,0.0,Px22y11
48.428517120668,-4.5864486694336,0.0,Px23y11
48.428517120668,-4.5778656005859,0.0,Px24y11
48.428517120668,-4.5692825317383,0.0,Px25y11
48.428517120668,-4.5606994628906,0.0,Px26y11
48.428517120668,-4.552116394043,0.0,Px27y11
48.428517120668,-4.5435333251953,0.0,Px28y11
48.428517120668,-4.5349502563476,0.0,Px29y11
48.428517120668,-4.5263671875,0.0,Px30y11
48.428517120668,-4.5177841186523,0.0,Px31y11
48.422821472388,-4.775276184082,0.0,Px1y12
48.422821472388,-4.7666931152344,0.0,Px2y12
48.422821472388,-4.7581100463867,0.0,Px3y12
48.422821472388,-4.7495269775391,0.0,Px4y12
48.422821472388,-4.7409439086914,0.0,Px5y12
48.422821472388,-4.7323608398438,0.0,Px6y12
48.422821472388,-4.7237777709961,0.0,Px7y12
48.422821472388,-4.7151947021484,0.0,Px8y12
48.422821472388,-4.7066116333008,0.0,Px9y12
48.422821472388,-4.6980285644531,0.0,Px10y12
48.422821472388,-4.6894454956055,0.0,Px11y12
48.422821472388,-4.6808624267578,0.0,Px12y12
48.422821472388,-4.6722793579102,0.0,Px13y12
48.422821472388,-4.6636962890625,0.0,Px14y12
48.422821472388,-4.6551132202148,0.0,Px15y12
48.422821472388,-4.6465301513672,0.0,Px16y12
48.422821472388,-4.6379470825195,0.0,Px17y12
48.422821472388,-4.6293640136719,0.0,Px18y12
48.422821472388,-4.6207809448242,0.0,Px19y12
48.422821472388,-4.6121978759766,0.0,Px20y12
48.422821472388,-4.6036148071289,0.0,Px21y12
48.422821472388,-4.5950317382812,0.0,Px22y12
48.422821472388,-4.5864486694336,0.0,Px23y12
48.422821472388,-4.5778656005859,0.0,Px24y12
48.422821472388,-4.5692825317383,0.0,Px25y12
48.422821472388,-4.5606994628906,0.0,Px26y12
48.422821472388,-4.552116394043,0.0,Px27y12
48.422821472388,-4.5435333251953,0.0,Px28y12
48.422821472388,-4.5349502563476,0.0,Px29y12
48.422821472388,-4.5263671875,0.0,Px30y12
48.422821472388,-4.5177841186523,0.0,Px31y12
48.417125185806,-4.775276184082,0.0,Px1y13
48.417125185806,-4.7666931152344,0.0,Px2y13
48.417125185806,-4.7581100463867,0.0,Px3y13
48.417125185806,-4.7495269775391,0.0,Px4y13
48.417125185806,-4.7409439086914,0.0,Px5y13
48.417125185806,-4.7323608398438,0.0,Px6y13
48.417125185806,-4.7237777709961,0.0,Px7y13
48.417125185806,-4.7151947021484,0.0,Px8y13
48.417125185806,-4.7066116333008,0.0,Px9y13
48.417125185806,-4.6980285644531,0.0,Px10y13
48.417125185806,-4.6894454956055,0.0,Px11y13
48.417125185806,-4.6808624267578,0.0,Px12y13
48.417125185806,-4.6722793579102,0.0,Px13y13
48.417125185806,-4.6636962890625,0.0,Px14y13
48.417125185806,-4.6551132202148,0.0,Px15y13
48.417125185806,-4.6465301513672,0.0,Px16y13
48.417125185806,-4.6379470825195,0.0,Px17y13
48.417125185806,-4.6293640136719,0.0,Px18y13
48.417125185806,-4.6207809448242,0.0,Px19y13
48.417125185806,-4.6121978759766,0.0,Px20y13
48.417125185806,-4.6036148071289,0.0,Px21y13
48.417125185806,-4.5950317382812,0.0,Px22y13
48.417125185806,-4.5864486694336,0.0,Px23y13
48.417125185806,-4.5778656005859,0.0,Px24y13
48.417125185806,-4.5692825317383,0.0,Px25y13
48.417125185806,-4.5606994628906,0.0,Px26y13
48.417125185806,-4.552116394043,0.0,Px27y13
48.417125185806,-4.5435333251953,0.0,Px28y13
48.417125185806,-4.5349502563476,0.0,Px29y13
48.417125185806,-4.5263671875,0.0,Px30y13
48.417125185806,-4.5177841186523,0.0,Px31y13
48.411428260909,-4.775276184082,0.0,Px1y14
48.411428260909,-4.7666931152344,0.0,Px2y14
48.411428260909,-4.7581100463867,0.0,Px3y14
48.411428260909,-4.7495269775391,0.0,Px4y14
48.411428260909,-4.7409439086914,0.0,Px5y14
48.411428260909,-4.7323608398438,0.0,Px6y14
48.411428260909,-4.7237777709961,0.0,Px7y14
48.411428260909,-4.7151947021484,0.0,Px8y14
48.411428260909,-4.7066116333008,0.0,Px9y14
48.411428260909,-4.6980285644531,0.0,Px10y14
48.411428260909,-4.6894454956055,0.0,Px11y14
48.411428260909,-4.6808624267578,0.0,Px12y14
48.411428260909,-4.6722793579102,0.0,Px13y14
48.411428260909,-4.6636962890625,0.0,Px14y14
48.411428260909,-4.6551132202148,0.0,Px15y14
48.411428260909,-4.6465301513672,0.0,Px16y14
48.411428260909,-4.6379470825195,0.0,Px17y14
48.411428260909,-4.6293640136719,0.0,Px18y14
48.411428260909,-4.6207809448242,0.0,Px19y14
48.411428260909,-4.6121978759766,0.0,Px20y14
48.411428260909,-4.6036148071289,0.0,Px21y14
48.411428260909,-4.5950317382812,0.0,Px22y14
48.411428260909,-4.5864486694336,0.0,Px23y14
48.411428260909,-4.5778656005859,0.0,Px24y14
48.411428260909,-4.5692825317383,0.0,Px25y14
48.411428260909,-4.5606994628906,0.0,Px26y14
48.411428260909,-4.552116394043,0.0,Px27y14
48.411428260909,-4.5435333251953,0.0,Px28y14
48.411428260909,-4.5349502563476,0.0,Px29y14
48.411428260909,-4.5263671875,0.0,Px30y14
48.411428260909,-4.5177841186523,0.0,Px31y14
48.405730697681,-4.775276184082,0.0,Px1y15
48.405730697681,-4.7666931152344,0.0,Px2y15
48.405730697681,-4.7581100463867,0.0,Px3y15
48.405730697681,-4.7495269775391,0.0,Px4y15
48.405730697681,-4.7409439086914,0.0,Px5y15
48.405730697681,-4.7323608398438,0.0,Px6y15
48.405730697681,-4.7237777709961,0.0,Px7y15
48.405730697681,-4.7151947021484,0.0,Px8y15
48.405730697681,-4.7066116333008,0.0,Px9y15
48.405730697681,-4.6980285644531,0.0,Px10y15
48.405730697681,-4.6894454956055,0.0,Px11y15
48.405730697681,-4.6808624267578,0.0,Px12y15
48.405730697681,-4.6722793579102,0.0,Px13y15
48.405730697681,-4.6636962890625,0.0,Px14y15
48.405730697681,-4.6551132202148,0.0,Px15y15
48.405730697681,-4.6465301513672,0.0,Px16y15
48.405730697681,-4.6379470825195,0.0,Px17y15
48.405730697681,-4.6293640136719,0.0,Px18y15
48.405730697681,-4.6207809448242,0.0,Px19y15
48.405730697681,-4.6121978759766,0.0,Px20y15
48.405730697681,-4.6036148071289,0.0,Px21y15
48.405730697681,-4.5950317382812,0.0,Px22y15
48.405730697681,-4.5864486694336,0.0,Px23y15
48.405730697681,-4.5778656005859,0.0,Px24y15
48.405730697681,-4.5692825317383,0.0,Px25y15
48.405730697681,-4.5606994628906,0.0,Px26y15
48.405730697681,-4.552116394043,0.0,Px27y15
48.405730697681,-4.5435333251953,0.0,Px28y15
48.405730697681,-4.5349502563476,0.0,Px29y15
48.405730697681,-4.5263671875,0.0,Px30y15
48.405730697681,-4.5177841186523,0.0,Px31y15
48.400032496107,-4.775276184082,0.0,Px1y16
48.400032496107,-4.7666931152344,0.0,Px2y16
48.400032496107,-4.7581100463867,0.0,Px3y16
48.400032496107,-4.7495269775391,0.0,Px4y16
48.400032496107,-4.7409439086914,0.0,Px5y16
48.400032496107,-4.7323608398438,0.0,Px6y16
48.400032496107,-4.7237777709961,0.0,Px7y16
48.400032496107,-4.7151947021484,0.0,Px8y16
48.400032496107,-4.7066116333008,0.0,Px9y16
48.400032496107,-4.6980285644531,0.0,Px10y16
48.400032496107,-4.6894454956055,0.0,Px11y16
48.400032496107,-4.6808624267578,0.0,Px12y16
48.400032496107,-4.6722793579102,0.0,Px13y16
48.400032496107,-4.6636962890625,0.0,Px14y16
48.400032496107,-4.6551132202148,0.0,Px15y16
48.400032496107,-4.6465301513672,0.0,Px16y16
48.400032496107,-4.6379470825195,0.0,Px17y16
48.400032496107,-4.6293640136719,0.0,Px18y16
48.400032496107,-4.6207809448242,0.0,Px19y16
48.400032496107,-4.6121978759766,0.0,Px20y16
48.400032496107,-4.6036148071289,0.0,Px21y16
48.400032496107,-4.5950317382812,0.0,Px22y16
48.400032496107,-4.5864486694336,0.0,Px23y16
48.400032496107,-4.5778656005859,0.0,Px24y16
48.400032496107,-4.5692825317383,0.0,Px25y16
48.400032496107,-4.5606994628906,0.0,Px26y16
48.400032496107,-4.552116394043,0.0,Px27y16
48.400032496107,-4.5435333251953,0.0,Px28y16
48.400032496107,-4.5349502563476,0.0,Px29y16
48.400032496107,-4.5263671875,0.0,Px30y16
48.400032496107,-4.5177841186523,0.0,Px31y16
48.394333656171,-4.775276184082,0.0,Px1y17
48.394333656171,-4.7666931152344,0.0,Px2y17
48.394333656171,-4.7581100463867,0.0,Px3y17
48.394333656171,-4.7495269775391,0.0,Px4y17
48.394333656171,-4.7409439086914,0.0,Px5y17
48.394333656171,-4.7323608398438,0.0,Px6y17
48.394333656171,-4.7237777709961,0.0,Px7y17
48.394333656171,-4.7151947021484,0.0,Px8y17
48.394333656171,-4.7066116333008,0.0,Px9y17
48.394333656171,-4.6980285644531,0.0,Px10y17
48.394333656171,-4.6894454956055,0.0,Px11y17
48.394333656171,-4.6808624267578,0.0,Px12y17
48.394333656171,-4.6722793579102,0.0,Px13y17
48.394333656171,-4.6636962890625,0.0,Px14y17
48.394333656171,-4.6551132202148,0.0,Px15y17
48.394333656171,-4.6465301513672,0.0,Px16y17
48.394333656171,-4.6379470825195,0.0,Px17y17
48.394333656171,-4.6293640136719,0.0,Px18y17
48.394333656171,-4.6207809448242,0.0,Px19y17
48.394333656171,-4.6121978759766,0.0,Px20y17
48.394333656171,-4.6036148071289,0.0,Px21y17
48.394333656171,-4.5950317382812,0.0,Px22y17
48.394333656171,-4.5864486694336,0.0,Px23y17
48.394333656171,-4.5778656005859,0.0,Px24y17
48.394333656171,-4.5692825317383,0.0,Px25y17
48.394333656171,-4.5606994628906,0.0,Px26y17
48.394333656171,-4.552116394043,0.0,Px27y17
48.394333656171,-4.5435333251953,0.0,Px28y17
48.394333656171,-4.5349502563476,0.0,Px29y17
48.394333656171,-4.5263671875,0.0,Px30y17
48.394333656171,-4.5177841186523,0.0,Px31y17
48.388634177858,-4.775276184082,0.0,Px1y18
48.388634177858,-4.7666931152344,0.0,Px2y18
48.388634177858,-4.7581100463867,0.0,Px3y18
48.388634177858,-4.7495269775391,0.0,Px4y18
48.388634177858,-4.7409439086914,0.0,Px5y18
48.388634177858,-4.7323608398438,0.0,Px6y18
48.388634177858,-4.7237777709961,0.0,Px7y18
48.388634177858,-4.7151947021484,0.0,Px8y18
48.388634177858,-4.7066116333008,0.0,Px9y18
48.388634177858,-4.6980285644531,0.0,Px10y18
48.388634177858,-4.6894454956055,0.0,Px11y18
48.388634177858,-4.6808624267578,0.0,Px12y18
48.388634177858,-4.6722793579102,0.0,Px13y18
48.388634177858,-4.6636962890625,0.0,Px14y18
48.388634177858,-4.6551132202148,0.0,Px15y18
48.388634177858,-4.6465301513672,0.0,Px16y18
48.388634177858,-4.6379470825195,0.0,Px17y18
48.388634177858,-4.6293640136719,0.0,Px18y18
48.388634177858,-4.6207809448242,0.0,Px19y18
48.388634177858,-4.6121978759766,0.0,Px20y18
48.388634177858,-4.6036148071289,0.0,Px21y18
48.388634177858,-4.5950317382812,0.0,Px22y18
48.388634177858,-4.5864486694336,0.0,Px23y18
48.388634177858,-4.5778656005859,0.0,Px24y18
48.388634177858,-4.5692825317383,0.0,Px25y18
48.388634177858,-4.5606994628906,0.0,Px26y18
48.388634177858,-4.552116394043,0.0,Px27y18
48.388634177858,-4.5435333251953,0.0,Px28y18
48.388634177858,-4.5349502563476,0.0,Px29y18
48.388634177858,-4.5263671875,0.0,Px30y18
48.388634177858,-4.5177841186523,0.0,Px31y18
48.382934061154,-4.775276184082,0.0,Px1y19
48.382934061154,-4.7666931152344,0.0,Px2y19
48.382934061154,-4.7581100463867,0.0,Px3y19
48.382934061154,-4.7495269775391,0.0,Px4y19
48.382934061154,-4.7409439086914,0.0,Px5y19
48.382934061154,-4.7323608398438,0.0,Px6y19
48.382934061154,-4.7237777709961,0.0,Px7y19
48.382934061154,-4.7151947021484,0.0,Px8y19
48.382934061154,-4.7066116333008,0.0,Px9y19
48.382934061154,-4.6980285644531,0.0,Px10y19
48.382934061154,-4.6894454956055,0.0,Px11y19
48.382934061154,-4.6808624267578,0.0,Px12y19
48.382934061154,-4.6722793579102,0.0,Px13y19
48.382934061154,-4.6636962890625,0.0,Px14y19
48.382934061154,-4.6551132202148,0.0,Px15y19
48.382934061154,-4.6465301513672,0.0,Px16y19
48.382934061154,-4.6379470825195,0.0,Px17y19
48.382934061154,-4.6293640136719,0.0,Px18y19
48.382934061154,-4.6207809448242,0.0,Px19y19
48.382934061154,-4.6121978759766,0.0,Px20y19
48.382934061154,-4.6036148071289,0.0,Px21y19
48.382934061154,-4.5950317382812,0.0,Px22y19
48.382934061154,-4.5864486694336,0.0,Px23y19
48.382934061154,-4.5778656005859,0.0,Px24y19
48.382934061154,-4.5692825317383,0.0,Px25y19
48.382934061154,-4.5606994628906,0.0,Px26y19
48.382934061154,-4.552116394043,0.0,Px27y19
48.382934061154,-4.5435333251953,0.0,Px28y19
48.382934061154,-4.5349502563476,0.0,Px29y19
48.382934061154,-4.5263671875,0.0,Px30y19
48.382934061154,-4.5177841186523,0.0,Px31y19
48.377233306043,-4.775276184082,0.0,Px1y20
48.377233306043,-4.7666931152344,0.0,Px2y20
48.377233306043,-4.7581100463867,0.0,Px3y20
48.377233306043,-4.7495269775391,0.0,Px4y20
48.377233306043,-4.7409439086914,0.0,Px5y20
48.377233306043,-4.7323608398438,0.0,Px6y20
48.377233306043,-4.7237777709961,0.0,Px7y20
48.377233306043,-4.7151947021484,0.0,Px8y20
48.377233306043,-4.7066116333008,0.0,Px9y20
48.377233306043,-4.6980285644531,0.0,Px10y20
48.377233306043,-4.6894454956055,0.0,Px11y20
48.377233306043,-4.6808624267578,0.0,Px12y20
48.377233306043,-4.6722793579102,0.0,Px13y20
48.377233306043,-4.6636962890625,0.0,Px14y20
48.377233306043,-4.6551132202148,0.0,Px15y20
48.377233306043,-4.6465301513672,0.0,Px16y20
48.377233306043,-4.6379470825195,0.0,Px17y20
48.377233306043,-4.6293640136719,0.0,Px18y20
48.377233306043,-4.6207809448242,0.0,Px19y20
48.377233306043,-4.6121978759766,0.0,Px20y20
48.377233306043,-4.6036148071289,0.0,Px21y20
48.377233306043,-4.5950317382812,0.0,Px22y20
48.377233306043,-4.5864486694336,0.0,Px23y20
48.377233306043,-4.5778656005859,0.0,Px24y20
48.377233306043,-4.5692825317383,0.0,Px25y20
48.377233306043,-4.5606994628906,0.0,Px26y20
48.377233306043,-4.552116394043,0.0,Px27y20
48.377233306043,-4.5435333251953,0.0,Px28y20
48.377233306043,-4.5349502563476,0.0,Px29y20
48.377233306043,-4.5263671875,0.0,Px30y20
48.377233306043,-4.5177841186523,0.0,Px31y20
48.37153191251,-4.775276184082,0.0,Px1y21
48.37153191251,-4.7666931152344,0.0,Px2y21
48.37153191251,-4.7581100463867,0.0,Px3y21
48.37153191251,-4.7495269775391,0.0,Px4y21
48.37153191251,-4.7409439086914,0.0,Px5y21
48.37153191251,-4.7323608398438,0.0,Px6y21
48.37153191251,-4.7237777709961,0.0,Px7y21
48.37153191251,-4.7151947021484,0.0,Px8y21
48.37153191251,-4.7066116333008,0.0,Px9y21
48.37153191251,-4.6980285644531,0.0,Px10y21
48.37153191251,-4.6894454956055,0.0,Px11y21
48.37153191251,-4.6808624267578,0.0,Px12y21
48.37153191251,-4.6722793579102,0.0,Px13y21
48.37153191251,-4.6636962890625,0.0,Px14y21
48.37153191251,-4.6551132202148,0.0,Px15y21
48.37153191251,-4.6465301513672,0.0,Px16y21
48.37153191251,-4.6379470825195,0.0,Px17y21
48.37153191251,-4.6293640136719,0.0,Px18y21
48.37153191251,-4.6207809448242,0.0,Px19y21
48.37153191251,-4.6121978759766,0.0,Px20y21
48.37153191251,-4.6036148071289,0.0,Px21y21
48.37153191251,-4.5950317382812,0.0,Px22y21
48.37153191251,-4.5864486694336,0.0,Px23y21
48.37153191251,-4.5778656005859,0.0,Px24y21
48.37153191251,-4.5692825317383,0.0,Px25y21
48.37153191251,-4.5606994628906,0.0,Px26y21
48.37153191251,-4.552116394043,0.0,Px27y21
48.37153191251,-4.5435333251953,0.0,Px28y21
48.37153191251,-4.5349502563476,0.0,Px29y21
48.37153191251,-4.5263671875,0.0,Px30y21
48.37153191251,-4.5177841186523,0.0,Px31y21
48.36582988054,-4.775276184082,0.0,Px1y22
48.36582988054,-4.7666931152344,0.0,Px2y22
48.36582988054,-4.7581100463867,0.0,Px3y22
48.36582988054,-4.7495269775391,0.0,Px4y22
48.36582988054,-4.7409439086914,0.0,Px5y22
48.36582988054,-4.7323608398438,0.0,Px6y22
48.36582988054,-4.7237777709961,0.0,Px7y22
48.36582988054,-4.7151947021484,0.0,Px8y22
48.36582988054,-4.7066116333008,0.0,Px9y22
48.36582988054,-4.6980285644531,0.0,Px10y22
48.36582988054,-4.6894454956055,0.0,Px11y22
48.36582988054,-4.6808624267578,0.0,Px12y22
48.36582988054,-4.6722793579102,0.0,Px13y22
48.36582988054,-4.6636962890625,0.0,Px14y22
48.36582988054,-4.6551132202148,0.0,Px15y22
48.36582988054,-4.6465301513672,0.0,Px16y22
48.36582988054,-4.6379470825195,0.0,Px17y22
48.36582988054,-4.6293640136719,0.0,Px18y22
48.36582988054,-4.6207809448242,0.0,Px19y22
48.36582988054,-4.6121978759766,0.0,Px20y22
48.36582988054,-4.6036148071289,0.0,Px21y22
48.36582988054,-4.5950317382812,0.0,Px22y22
48.36582988054,-4.5864486694336,0.0,Px23y22
48.36582988054,-4.5778656005859,0.0,Px24y22
48.36582988054,-4.5692825317383,0.0,Px25y22
48.36582988054,-4.5606994628906,0.0,Px26y22
48.36582988054,-4.552116394043,0.0,Px27y22
48.36582988054,-4.5435333251953,0.0,Px28y22
48.36582988054,-4.5349502563476,0.0,Px29y22
48.36582988054,-4.5263671875,0.0,Px30y22
48.36582988054,-4.5177841186523,0.0,Px31y22
48.360127210119,-4.775276184082,0.0,Px1y23
48.360127210119,-4.7666931152344,0.0,Px2y23
48.360127210119,-4.7581100463867,0.0,Px3y23
48.360127210119,-4.7495269775391,0.0,Px4y23
48.360127210119,-4.7409439086914,0.0,Px5y23
48.360127210119,-4.7323608398438,0.0,Px6y23
48.360127210119,-4.7237777709961,0.0,Px7y23
48.360127210119,-4.7151947021484,0.0,Px8y23
48.360127210119,-4.7066116333008,0.0,Px9y23
48.360127210119,-4.6980285644531,0.0,Px10y23
48.360127210119,-4.6894454956055,0.0,Px11y23
48.360127210119,-4.6808624267578,0.0,Px12y23
48.360127210119,-4.6722793579102,0.0,Px13y23
48.360127210119,-4.6636962890625,0.0,Px14y23
48.360127210119,-4.6551132202148,0.0,Px15y23
48.360127210119,-4.6465301513672,0.0,Px16y23
48.360127210119,-4.6379470825195,0.0,Px17y23
48.360127210119,-4.6293640136719,0.0,Px18y23
48.360127210119,-4.6207809448242,0.0,Px19y23
48.360127210119,-4.6121978759766,0.0,Px20y23
48.360127210119,-4.6036148071289,0.0,Px21y23
48.360127210119,-4.5950317382812,0.0,Px22y23
48.360127210119,-4.5864486694336,0.0,Px23y23
48.360127210119,-4.5778656005859,0.0,Px24y23
48.360127210119,-4.5692825317383,0.0,Px25y23
48.360127210119,-4.5606994628906,0.0,Px26y23
48.360127210119,-4.552116394043,0.0,Px27y23
48.360127210119,-4.5435333251953,0.0,Px28y23
48.360127210119,-4.5349502563476,0.0,Px29y23
48.360127210119,-4.5263671875,0.0,Px30y23
48.360127210119,-4.5177841186523,0.0,Px31y23
48.35442390123,-4.775276184082,0.0,Px1y24
48.35442390123,-4.7666931152344,0.0,Px2y24
48.35442390123,-4.7581100463867,0.0,Px3y24
48.35442390123,-4.7495269775391,0.0,Px4y24
48.35442390123,-4.7409439086914,0.0,Px5y24
48.35442390123,-4.7323608398438,0.0,Px6y24
48.35442390123,-4.7237777709961,0.0,Px7y24
48.35442390123,-4.7151947021484,0.0,Px8y24
48.35442390123,-4.7066116333008,0.0,Px9y24
48.35442390123,-4.6980285644531,0.0,Px10y24
48.35442390123,-4.6894454956055,0.0,Px11y24
48.35442390123,-4.6808624267578,0.0,Px12y24
48.35442390123,-4.6722793579102,0.0,Px13y24
48.35442390123,-4.6636962890625,0.0,Px14y24
48.35442390123,-4.6551132202148,0.0,Px15y24
48.35442390123,-4.6465301513672,0.0,Px16y24
48.35442390123,-4.6379470825195,0.0,Px17y24
48.35442390123,-4.6293640136719,0.0,Px18y24
48.35442390123,-4.6207809448242,0.0,Px19y24
48.35442390123,-4.6121978759766,0.0,Px20y24
48.35442390123,-4.6036148071289,0.0,Px21y24
48.35442390123,-4.5950317382812,0.0,Px22y24
48.35442390123,-4.5864486694336,0.0,Px23y24
48.35442390123,-4.5778656005859,0.0,Px24y24
48.35442390123,-4.5692825317383,0.0,Px25y24
48.35442390123,-4.5606994628906,0.0,Px26y24
48.35442390123,-4.552116394043,0.0,Px27y24
48.35442390123,-4.5435333251953,0.0,Px28y24
48.35442390123,-4.5349502563476,0.0,Px29y24
48.35442390123,-4.5263671875,0.0,Px30y24
48.35442390123,-4.5177841186523,0.0,Px31y24
48.34871995386,-4.775276184082,0.0,Px1y25
48.34871995386,-4.7666931152344,0.0,Px2y25
48.34871995386,-4.7581100463867,0.0,Px3y25
48.34871995386,-4.7495269775391,0.0,Px4y25
48.34871995386,-4.7409439086914,0.0,Px5y25
48.34871995386,-4.7323608398438,0.0,Px6y25
48.34871995386,-4.7237777709961,0.0,Px7y25
48.34871995386,-4.7151947021484,0.0,Px8y25
48.34871995386,-4.7066116333008,0.0,Px9y25
48.34871995386,-4.6980285644531,0.0,Px10y25
48.34871995386,-4.6894454956055,0.0,Px11y25
48.34871995386,-4.6808624267578,0.0,Px12y25
48.34871995386,-4.6722793579102,0.0,Px13y25
48.34871995386,-4.6636962890625,0.0,Px14y25
48.34871995386,-4.6551132202148,0.0,Px15y25
48.34871995386,-4.6465301513672,0.0,Px16y25
48.34871995386,-4.6379470825195,0.0,Px17y25
48.34871995386,-4.6293640136719,0.0,Px18y25
48.34871995386,-4.6207809448242,0.0,Px19y25
48.34871995386,-4.6121978759766,0.0,Px20y25
48.34871995386,-4.6036148071289,0.0,Px21y25
48.34871995386,-4.5950317382812,0.0,Px22y25
48.34871995386,-4.5864486694336,0.0,Px23y25
48.34871995386,-4.5778656005859,0.0,Px24y25
48.34871995386,-4.5692825317383,0.0,Px25y25
48.34871995386,-4.5606994628906,0.0,Px26y25
48.34871995386,-4.552116394043,0.0,Px27y25
48.34871995386,-4.5435333251953,0.0,Px28y25
48.34871995386,-4.5349502563476,0.0,Px29y25
48.34871995386,-4.5263671875,0.0,Px30y25
48.34871995386,-4.5177841186523,0.0,Px31y25
48.343015367993,-4.775276184082,0.0,Px1y26
48.343015367993,-4.7666931152344,0.0,Px2y26
48.343015367993,-4.7581100463867,0.0,Px3y26
48.343015367993,-4.7495269775391,0.0,Px4y26
48.343015367993,-4.7409439086914,0.0,Px5y26
48.343015367993,-4.7323608398438,0.0,Px6y26
48.343015367993,-4.7237777709961,0.0,Px7y26
48.343015367993,-4.7151947021484,0.0,Px8y26
48.343015367993,-4.7066116333008,0.0,Px9y26
48.343015367993,-4.6980285644531,0.0,Px10y26
48.343015367993,-4.6894454956055,0.0,Px11y26
48.343015367993,-4.6808624267578,0.0,Px12y26
48.343015367993,-4.6722793579102,0.0,Px13y26
48.343015367993,-4.6636962890625,0.0,Px14y26
48.343015367993,-4.6551132202148,0.0,Px15y26
48.343015367993,-4.6465301513672,0.0,Px16y26
48.343015367993,-4.6379470825195,0.0,Px17y26
48.343015367993,-4.6293640136719,0.0,Px18y26
48.343015367993,-4.6207809448242,0.0,Px19y26
48.343015367993,-4.6121978759766,0.0,Px20y26
48.343015367993,-4.6036148071289,0.0,Px21y26
48.343015367993,-4.5950317382812,0.0,Px22y26
48.343015367993,-4.5864486694336,0.0,Px23y26
48.343015367993,-4.5778656005859,0.0,Px24y26
48.343015367993,-4.5692825317383,0.0,Px25y26
48.343015367993,-4.5606994628906,0.0,Px26y26
48.343015367993,-4.552116394043,0.0,Px27y26
48.343015367993,-4.5435333251953,0.0,Px28y26
48.343015367993,-4.5349502563476,0.0,Px29y26
48.343015367993,-4.5263671875,0.0,Px30y26
48.343015367993,-4.5177841186523,0.0,Px31y26
48.337310143614,-4.775276184082,0.0,Px1y27
48.337310143614,-4.7666931152344,0.0,Px2y27
48.337310143614,-4.7581100463867,0.0,Px3y27
48.337310143614,-4.7495269775391,0.0,Px4y27
48.337310143614,-4.7409439086914,0.0,Px5y27
48.337310143614,-4.7323608398438,0.0,Px6y27
48.337310143614,-4.7237777709961,0.0,Px7y27
48.337310143614,-4.7151947021484,0.0,Px8y27
48.337310143614,-4.7066116333008,0.0,Px9y27
48.337310143614,-4.6980285644531,0.0,Px10y27
48.337310143614,-4.6894454956055,0.0,Px11y27
48.337310143614,-4.6808624267578,0.0,Px12y27
48.337310143614,-4.6722793579102,0.0,Px13y27
48.337310143614,-4.6636962890625,0.0,Px14y27
48.337310143614,-4.6551132202148,0.0,Px15y27
48.337310143614,-4.6465301513672,0.0,Px16y27
48.337310143614,-4.6379470825195,0.0,Px17y27
48.337310143614,-4.6293640136719,0.0,Px18y27
48.337310143614,-4.6207809448242,0.0,Px19y27
48.337310143614,-4.6121978759766,0.0,Px20y27
48.337310143614,-4.6036148071289,0.0,Px21y27
48.337310143614,-4.5950317382812,0.0,Px22y27
48.337310143614,-4.5864486694336,0.0,Px23y27
48.337310143614,-4.5778656005859,0.0,Px24y27
48.337310143614,-4.5692825317383,0.0,Px25y27
48.337310143614,-4.5606994628906,0.0,Px26y27
48.337310143614,-4.552116394043,0.0,Px27y27
48.337310143614,-4.5435333251953,0.0,Px28y27
48.337310143614,-4.5349502563476,0.0,Px29y27
48.337310143614,-4.5263671875,0.0,Px30y27
48.337310143614,-4.5177841186523,0.0,Px31y27
