BW      SF  PS   SNR  BER        RSSI          ToA
125000  7   10   -40  0.442862  -157.0309002  0.0247812
125000  7   10   -30  0.428572  -147.0309002  0.0247812
125000  7   10   -20  0.500002  -137.0309002  0.0247812
125000  7   10   -10  0.057142  -127.0309002  0.0247812
125000  7   10   0    0.000002  -117.0309002  0.0247812
125000  7   30   -40  0.500002  -157.0309002  0.0288772
125000  7   30   -30  0.500002  -147.0309002  0.0288772
125000  7   30   -20  0.433332  -137.0309002  0.0288772
125000  7   30   -10  0.000002  -127.0309002  0.0288772
125000  7   30   0    0.000002  -117.0309002  0.0288772
125000  7   50   -40  0.477142  -157.0309002  0.0329732
125000  7   50   -30  0.502862  -147.0309002  0.0329732
125000  7   50   -20  0.451432  -137.0309002  0.0329732
125000  7   50   -10  0.008572  -127.0309002  0.0329732
125000  7   50   0    0.000002  -117.0309002  0.0329732
125000  7   70   -40  0.493882  -157.0309002  0.0370692
125000  7   70   -30  0.465312  -147.0309002  0.0370692
125000  7   70   -20  0.424492  -137.0309002  0.0370692
125000  7   70   -10  0.022452  -127.0309002  0.0370692
125000  7   70   0    0.000002  -117.0309002  0.0370692
125000  7   90   -40  0.509522  -157.0309002  0.0411652
125000  7   90   -30  0.503172  -147.0309002  0.0411652
125000  7   90   -20  0.484132  -137.0309002  0.0411652
125000  7   90   -10  0.009522  -127.0309002  0.0411652
125000  7   90   0    0.000002  -117.0309002  0.0411652
125000  7   110  -40  0.506492  -157.0309002  0.0452612
125000  7   110  -30  0.475322  -147.0309002  0.0452612
125000  7   110  -20  0.440262  -137.0309002  0.0452612
125000  7   110  -10  0.022082  -127.0309002  0.0452612
125000  7   110  0    0.000002  -117.0309002  0.0452612
125000  8   10   -40  0.475002  -157.0309002  0.0495622
125000  8   10   -30  0.375002  -147.0309002  0.0495622
125000  8   10   -20  0.487502  -137.0309002  0.0495622
125000  8   10   -10  0.000002  -127.0309002  0.0495622
125000  8   10   0    0.000002  -117.0309002  0.0495622
125000  8   30   -40  0.525002  -157.0309002  0.0577542
125000  8   30   -30  0.479172  -147.0309002  0.0577542
125000  8   30   -20  0.383332  -137.0309002  0.0577542
125000  8   30   -10  0.000002  -127.0309002  0.0577542
125000  8   30   0    0.000002  -117.0309002  0.0577542
125000  8   50   -40  0.510002  -157.0309002  0.0577542
125000  8   50   -30  0.517502  -147.0309002  0.0577542
125000  8   50   -20  0.367502  -137.0309002  0.0577542
125000  8   50   -10  0.000002  -127.0309002  0.0577542
125000  8   50   0    0.000002  -117.0309002  0.0577542
125000  8   70   -40  0.466072  -157.0309002  0.0659462
125000  8   70   -30  0.498212  -147.0309002  0.0659462
125000  8   70   -20  0.412502  -137.0309002  0.0659462
125000  8   70   -10  0.000002  -127.0309002  0.0659462
125000  8   70   0    0.000002  -117.0309002  0.0659462
125000  8   90   -40  0.515282  -157.0309002  0.0741382
125000  8   90   -30  0.536112  -147.0309002  0.0741382
125000  8   90   -20  0.405562  -137.0309002  0.0741382
125000  8   90   -10  0.000002  -127.0309002  0.0741382
125000  8   90   0    0.000002  -117.0309002  0.0741382
125000  8   110  -40  0.505682  -157.0309002  0.0823302
125000  8   110  -30  0.485232  -147.0309002  0.0823302
125000  8   110  -20  0.456822  -137.0309002  0.0823302
125000  8   110  -10  0.000002  -127.0309002  0.0823302
125000  8   110  0    0.000002  -117.0309002  0.0823302
125000  9   10   -40  0.433332  -157.0309002  0.0991232
125000  9   10   -30  0.400002  -147.0309002  0.0991232
125000  9   10   -20  0.433332  -137.0309002  0.0991232
125000  9   10   -10  0.000002  -127.0309002  0.0991232
125000  9   10   0    0.000002  -117.0309002  0.0991232
125000  9   30   -40  0.459262  -157.0309002  0.0991232
125000  9   30   -30  0.529632  -147.0309002  0.0991232
125000  9   30   -20  0.329632  -137.0309002  0.0991232
125000  9   30   -10  0.000002  -127.0309002  0.0991232
125000  9   30   0    0.000002  -117.0309002  0.0991232
125000  9   50   -40  0.471112  -157.0309002  0.1155072
125000  9   50   -30  0.495562  -147.0309002  0.1155072
125000  9   50   -20  0.324442  -137.0309002  0.1155072
125000  9   50   -10  0.000002  -127.0309002  0.1155072
125000  9   50   0    0.000002  -117.0309002  0.1155072
125000  9   70   -40  0.463492  -157.0309002  0.1318912
125000  9   70   -30  0.482542  -147.0309002  0.1318912
125000  9   70   -20  0.276192  -137.0309002  0.1318912
125000  9   70   -10  0.000002  -127.0309002  0.1318912
125000  9   70   0    0.000002  -117.0309002  0.1318912
125000  9   90   -40  0.512352  -157.0309002  0.1318912
125000  9   90   -30  0.486422  -147.0309002  0.1318912
125000  9   90   -20  0.286422  -137.0309002  0.1318912
125000  9   90   -10  0.000002  -127.0309002  0.1318912
125000  9   90   0    0.000002  -117.0309002  0.1318912
125000  9   110  -40  0.505052  -157.0309002  0.1482752
125000  9   110  -30  0.498992  -147.0309002  0.1482752
125000  9   110  -20  0.297982  -137.0309002  0.1482752
125000  9   110  -10  0.000002  -127.0309002  0.1482752
125000  9   110  0    0.000002  -117.0309002  0.1482752
125000  10  10   -40  0.490002  -157.0309002  0.1654782
125000  10  10   -30  0.520002  -147.0309002  0.1654782
125000  10  10   -20  0.100002  -137.0309002  0.1654782
125000  10  10   -10  0.000002  -127.0309002  0.1654782
125000  10  10   0    0.000002  -117.0309002  0.1654782
125000  10  30   -40  0.480002  -157.0309002  0.1982462
125000  10  30   -30  0.453332  -147.0309002  0.1982462
125000  10  30   -20  0.076672  -137.0309002  0.1982462
125000  10  30   -10  0.000002  -127.0309002  0.1982462
125000  10  30   0    0.000002  -117.0309002  0.1982462
125000  10  50   -40  0.494002  -157.0309002  0.2310142
125000  10  50   -30  0.464002  -147.0309002  0.2310142
125000  10  50   -20  0.146002  -137.0309002  0.2310142
125000  10  50   -10  0.000002  -127.0309002  0.2310142
125000  10  50   0    0.000002  -117.0309002  0.2310142
125000  10  70   -40  0.495712  -157.0309002  0.2310142
125000  10  70   -30  0.482862  -147.0309002  0.2310142
125000  10  70   -20  0.121432  -137.0309002  0.2310142
125000  10  70   -10  0.000002  -127.0309002  0.2310142
125000  10  70   0    0.000002  -117.0309002  0.2310142
125000  10  90   -40  0.487782  -157.0309002  0.2637822
125000  10  90   -30  0.474442  -147.0309002  0.2637822
125000  10  90   -20  0.106672  -137.0309002  0.2637822
125000  10  90   -10  0.000002  -127.0309002  0.2637822
125000  10  90   0    0.000002  -117.0309002  0.2637822
125000  10  110  -40  0.521822  -157.0309002  0.2965502
125000  10  110  -30  0.533642  -147.0309002  0.2965502
125000  10  110  -20  0.143642  -137.0309002  0.2965502
125000  10  110  -10  0.000002  -127.0309002  0.2965502
125000  10  110  0    0.000002  -117.0309002  0.2965502
125000  11  10   -40  0.500002  -157.0309002  0.3309572
125000  11  10   -30  0.518182  -147.0309002  0.3309572
125000  11  10   -20  0.000002  -137.0309002  0.3309572
125000  11  10   -10  0.000002  -127.0309002  0.3309572
125000  11  10   0    0.000002  -117.0309002  0.3309572
125000  11  30   -40  0.512122  -157.0309002  0.3964932
125000  11  30   -30  0.448482  -147.0309002  0.3964932
125000  11  30   -20  0.000002  -137.0309002  0.3964932
125000  11  30   -10  0.000002  -127.0309002  0.3964932
125000  11  30   0    0.000002  -117.0309002  0.3964932
125000  11  50   -40  0.496362  -157.0309002  0.3964932
125000  11  50   -30  0.465452  -147.0309002  0.3964932
125000  11  50   -20  0.081822  -137.0309002  0.3964932
125000  11  50   -10  0.000002  -127.0309002  0.3964932
125000  11  50   0    0.000002  -117.0309002  0.3964932
125000  11  70   -40  0.522082  -157.0309002  0.4620292
125000  11  70   -30  0.479222  -147.0309002  0.4620292
125000  11  70   -20  0.002602  -137.0309002  0.4620292
125000  11  70   -10  0.000002  -127.0309002  0.4620292
125000  11  70   0    0.000002  -117.0309002  0.4620292
125000  11  90   -40  0.515152  -157.0309002  0.5275652
125000  11  90   -30  0.473742  -147.0309002  0.5275652
125000  11  90   -20  0.014142  -137.0309002  0.5275652
125000  11  90   -10  0.000002  -127.0309002  0.5275652
125000  11  90   0    0.000002  -117.0309002  0.5275652
125000  11  110  -40  0.487602  -157.0309002  0.5275652
125000  11  110  -30  0.481822  -147.0309002  0.5275652
125000  11  110  -20  0.051242  -137.0309002  0.5275652
125000  11  110  -10  0.000002  -127.0309002  0.5275652
125000  11  110  0    0.000002  -117.0309002  0.5275652
125000  12  10   -40  0.458332  -157.0309002  0.6619142
125000  12  10   -30  0.450002  -147.0309002  0.6619142
125000  12  10   -20  0.000002  -137.0309002  0.6619142
125000  12  10   -10  0.000002  -127.0309002  0.6619142
125000  12  10   0    0.000002  -117.0309002  0.6619142
125000  12  30   -40  0.511112  -157.0309002  0.7929862
125000  12  30   -30  0.461112  -147.0309002  0.7929862
125000  12  30   -20  0.000002  -137.0309002  0.7929862
125000  12  30   -10  0.000002  -127.0309002  0.7929862
125000  12  30   0    0.000002  -117.0309002  0.7929862
125000  12  50   -40  0.476672  -157.0309002  0.7929862
125000  12  50   -30  0.463332  -147.0309002  0.7929862
125000  12  50   -20  0.000002  -137.0309002  0.7929862
125000  12  50   -10  0.000002  -127.0309002  0.7929862
125000  12  50   0    0.000002  -117.0309002  0.7929862
125000  12  70   -40  0.508332  -157.0309002  0.9240582
125000  12  70   -30  0.421432  -147.0309002  0.9240582
125000  12  70   -20  0.033332  -137.0309002  0.9240582
125000  12  70   -10  0.000002  -127.0309002  0.9240582
125000  12  70   0    0.000002  -117.0309002  0.9240582
125000  12  90   -40  0.494442  -157.0309002  0.9240582
125000  12  90   -30  0.403702  -147.0309002  0.9240582
125000  12  90   -20  0.000002  -137.0309002  0.9240582
125000  12  90   -10  0.000002  -127.0309002  0.9240582
125000  12  90   0    0.000002  -117.0309002  0.9240582
125000  12  110  -40  0.489392  -157.0309002  1.0551302
125000  12  110  -30  0.429552  -147.0309002  1.0551302
125000  12  110  -20  0.000002  -137.0309002  1.0551302
125000  12  110  -10  0.000002  -127.0309002  1.0551302
125000  12  110  0    0.000002  -117.0309002  1.0551302
250000  7   10   -40  0.442862  -154.0206002  0.0123902
250000  7   10   -30  0.428572  -144.0206002  0.0123902
250000  7   10   -20  0.442862  -134.0206002  0.0123902
250000  7   10   -10  0.000002  -124.0206002  0.0123902
250000  7   10   0    0.000002  -114.0206002  0.0123902
250000  7   30   -40  0.480952  -154.0206002  0.0144382
250000  7   30   -30  0.504762  -144.0206002  0.0144382
250000  7   30   -20  0.466672  -134.0206002  0.0144382
250000  7   30   -10  0.033332  -124.0206002  0.0144382
250000  7   30   0    0.000002  -114.0206002  0.0144382
250000  7   50   -40  0.482862  -154.0206002  0.0164862
250000  7   50   -30  0.494292  -144.0206002  0.0164862
250000  7   50   -20  0.488572  -134.0206002  0.0164862
250000  7   50   -10  0.025712  -124.0206002  0.0164862
250000  7   50   0    0.000002  -114.0206002  0.0164862
250000  7   70   -40  0.502042  -154.0206002  0.0185342
250000  7   70   -30  0.508162  -144.0206002  0.0185342
250000  7   70   -20  0.448982  -134.0206002  0.0185342
250000  7   70   -10  0.010202  -124.0206002  0.0185342
250000  7   70   0    0.000002  -114.0206002  0.0185342
250000  7   90   -40  0.547622  -154.0206002  0.0205822
250000  7   90   -30  0.515872  -144.0206002  0.0205822
250000  7   90   -20  0.477782  -134.0206002  0.0205822
250000  7   90   -10  0.030162  -124.0206002  0.0205822
250000  7   90   0    0.000002  -114.0206002  0.0205822
250000  7   110  -40  0.488312  -154.0206002  0.0226302
250000  7   110  -30  0.470132  -144.0206002  0.0226302
250000  7   110  -20  0.457142  -134.0206002  0.0226302
250000  7   110  -10  0.009092  -124.0206002  0.0226302
250000  7   110  0    0.000002  -114.0206002  0.0226302
250000  8   10   -40  0.425002  -154.0206002  0.0247812
250000  8   10   -30  0.550002  -144.0206002  0.0247812
250000  8   10   -20  0.625002  -134.0206002  0.0247812
250000  8   10   -10  0.000002  -124.0206002  0.0247812
250000  8   10   0    0.000002  -114.0206002  0.0247812
250000  8   30   -40  0.466672  -154.0206002  0.0288772
250000  8   30   -30  0.520832  -144.0206002  0.0288772
250000  8   30   -20  0.354172  -134.0206002  0.0288772
250000  8   30   -10  0.000002  -124.0206002  0.0288772
250000  8   30   0    0.000002  -114.0206002  0.0288772
250000  8   50   -40  0.497502  -154.0206002  0.0288772
250000  8   50   -30  0.450002  -144.0206002  0.0288772
250000  8   50   -20  0.412502  -134.0206002  0.0288772
250000  8   50   -10  0.000002  -124.0206002  0.0288772
250000  8   50   0    0.000002  -114.0206002  0.0288772
250000  8   70   -40  0.485712  -154.0206002  0.0329732
250000  8   70   -30  0.464292  -144.0206002  0.0329732
250000  8   70   -20  0.417862  -134.0206002  0.0329732
250000  8   70   -10  0.000002  -124.0206002  0.0329732
250000  8   70   0    0.000002  -114.0206002  0.0329732
250000  8   90   -40  0.501392  -154.0206002  0.0370692
250000  8   90   -30  0.465282  -144.0206002  0.0370692
250000  8   90   -20  0.398612  -134.0206002  0.0370692
250000  8   90   -10  0.000002  -124.0206002  0.0370692
250000  8   90   0    0.000002  -114.0206002  0.0370692
250000  8   110  -40  0.512502  -154.0206002  0.0411652
250000  8   110  -30  0.518182  -144.0206002  0.0411652
250000  8   110  -20  0.457952  -134.0206002  0.0411652
250000  8   110  -10  0.000002  -124.0206002  0.0411652
250000  8   110  0    0.000002  -114.0206002  0.0411652
250000  9   10   -40  0.533332  -154.0206002  0.0495622
250000  9   10   -30  0.500002  -144.0206002  0.0495622
250000  9   10   -20  0.311112  -134.0206002  0.0495622
250000  9   10   -10  0.000002  -124.0206002  0.0495622
250000  9   10   0    0.000002  -114.0206002  0.0495622
250000  9   30   -40  0.503702  -154.0206002  0.0495622
250000  9   30   -30  0.488892  -144.0206002  0.0495622
250000  9   30   -20  0.322222  -134.0206002  0.0495622
250000  9   30   -10  0.000002  -124.0206002  0.0495622
250000  9   30   0    0.000002  -114.0206002  0.0495622
250000  9   50   -40  0.537782  -154.0206002  0.0577542
250000  9   50   -30  0.473332  -144.0206002  0.0577542
250000  9   50   -20  0.315562  -134.0206002  0.0577542
250000  9   50   -10  0.000002  -124.0206002  0.0577542
250000  9   50   0    0.000002  -114.0206002  0.0577542
250000  9   70   -40  0.519052  -154.0206002  0.0659462
250000  9   70   -30  0.490482  -144.0206002  0.0659462
250000  9   70   -20  0.328572  -134.0206002  0.0659462
250000  9   70   -10  0.000002  -124.0206002  0.0659462
250000  9   70   0    0.000002  -114.0206002  0.0659462
250000  9   90   -40  0.534572  -154.0206002  0.0659462
250000  9   90   -30  0.544442  -144.0206002  0.0659462
250000  9   90   -20  0.323462  -134.0206002  0.0659462
250000  9   90   -10  0.000002  -124.0206002  0.0659462
250000  9   90   0    0.000002  -114.0206002  0.0659462
250000  9   110  -40  0.504042  -154.0206002  0.0741382
250000  9   110  -30  0.534342  -144.0206002  0.0741382
250000  9   110  -20  0.267682  -134.0206002  0.0741382
250000  9   110  -10  0.000002  -124.0206002  0.0741382
250000  9   110  0    0.000002  -114.0206002  0.0741382
250000  10  10   -40  0.430002  -154.0206002  0.0827392
250000  10  10   -30  0.560002  -144.0206002  0.0827392
250000  10  10   -20  0.120002  -134.0206002  0.0827392
250000  10  10   -10  0.000002  -124.0206002  0.0827392
250000  10  10   0    0.000002  -114.0206002  0.0827392
250000  10  30   -40  0.503332  -154.0206002  0.0991232
250000  10  30   -30  0.530002  -144.0206002  0.0991232
250000  10  30   -20  0.103332  -134.0206002  0.0991232
250000  10  30   -10  0.030002  -124.0206002  0.0991232
250000  10  30   0    0.000002  -114.0206002  0.0991232
250000  10  50   -40  0.472002  -154.0206002  0.1155072
250000  10  50   -30  0.452002  -144.0206002  0.1155072
250000  10  50   -20  0.122002  -134.0206002  0.1155072
250000  10  50   -10  0.000002  -124.0206002  0.1155072
250000  10  50   0    0.000002  -114.0206002  0.1155072
250000  10  70   -40  0.515712  -154.0206002  0.1155072
250000  10  70   -30  0.517142  -144.0206002  0.1155072
250000  10  70   -20  0.121432  -134.0206002  0.1155072
250000  10  70   -10  0.000002  -124.0206002  0.1155072
250000  10  70   0    0.000002  -114.0206002  0.1155072
250000  10  90   -40  0.485562  -154.0206002  0.1318912
250000  10  90   -30  0.456672  -144.0206002  0.1318912
250000  10  90   -20  0.173332  -134.0206002  0.1318912
250000  10  90   -10  0.000002  -124.0206002  0.1318912
250000  10  90   0    0.000002  -114.0206002  0.1318912
250000  10  110  -40  0.484552  -154.0206002  0.1482752
250000  10  110  -30  0.480912  -144.0206002  0.1482752
250000  10  110  -20  0.197272  -134.0206002  0.1482752
250000  10  110  -10  0.000002  -124.0206002  0.1482752
250000  10  110  0    0.000002  -114.0206002  0.1482752
250000  11  10   -40  0.527272  -154.0206002  0.1654782
250000  11  10   -30  0.581822  -144.0206002  0.1654782
250000  11  10   -20  0.000002  -134.0206002  0.1654782
250000  11  10   -10  0.000002  -124.0206002  0.1654782
250000  11  10   0    0.000002  -114.0206002  0.1654782
250000  11  30   -40  0.487882  -154.0206002  0.1982462
250000  11  30   -30  0.506062  -144.0206002  0.1982462
250000  11  30   -20  0.054552  -134.0206002  0.1982462
250000  11  30   -10  0.000002  -124.0206002  0.1982462
250000  11  30   0    0.000002  -114.0206002  0.1982462
250000  11  50   -40  0.501822  -154.0206002  0.1982462
250000  11  50   -30  0.525452  -144.0206002  0.1982462
250000  11  50   -20  0.000002  -134.0206002  0.1982462
250000  11  50   -10  0.000002  -124.0206002  0.1982462
250000  11  50   0    0.000002  -114.0206002  0.1982462
250000  11  70   -40  0.485712  -154.0206002  0.2310142
250000  11  70   -30  0.505192  -144.0206002  0.2310142
250000  11  70   -20  0.019482  -134.0206002  0.2310142
250000  11  70   -10  0.000002  -124.0206002  0.2310142
250000  11  70   0    0.000002  -114.0206002  0.2310142
250000  11  90   -40  0.487882  -154.0206002  0.2637822
250000  11  90   -30  0.472732  -144.0206002  0.2637822
250000  11  90   -20  0.054552  -134.0206002  0.2637822
250000  11  90   -10  0.000002  -124.0206002  0.2637822
250000  11  90   0    0.000002  -114.0206002  0.2637822
250000  11  110  -40  0.499172  -154.0206002  0.2637822
250000  11  110  -30  0.471072  -144.0206002  0.2637822
250000  11  110  -20  0.005792  -134.0206002  0.2637822
250000  11  110  -10  0.000002  -124.0206002  0.2637822
250000  11  110  0    0.000002  -114.0206002  0.2637822
250000  12  10   -40  0.475002  -154.0206002  0.3309572
250000  12  10   -30  0.541672  -144.0206002  0.3309572
250000  12  10   -20  0.000002  -134.0206002  0.3309572
250000  12  10   -10  0.000002  -124.0206002  0.3309572
250000  12  10   0    0.000002  -114.0206002  0.3309572
250000  12  30   -40  0.466672  -154.0206002  0.3964932
250000  12  30   -30  0.419442  -144.0206002  0.3964932
250000  12  30   -20  0.000002  -134.0206002  0.3964932
250000  12  30   -10  0.000002  -124.0206002  0.3964932
250000  12  30   0    0.000002  -114.0206002  0.3964932
250000  12  50   -40  0.520002  -154.0206002  0.3964932
250000  12  50   -30  0.428332  -144.0206002  0.3964932
250000  12  50   -20  0.000002  -134.0206002  0.3964932
250000  12  50   -10  0.000002  -124.0206002  0.3964932
250000  12  50   0    0.000002  -114.0206002  0.3964932
250000  12  70   -40  0.528572  -154.0206002  0.4620292
250000  12  70   -30  0.441672  -144.0206002  0.4620292
250000  12  70   -20  0.144052  -134.0206002  0.4620292
250000  12  70   -10  0.000002  -124.0206002  0.4620292
250000  12  70   0    0.000002  -114.0206002  0.4620292
250000  12  90   -40  0.533332  -154.0206002  0.4620292
250000  12  90   -30  0.407412  -144.0206002  0.4620292
250000  12  90   -20  0.000002  -134.0206002  0.4620292
250000  12  90   -10  0.000002  -124.0206002  0.4620292
250000  12  90   0    0.000002  -114.0206002  0.4620292
250000  12  110  -40  0.511362  -154.0206002  0.5275652
250000  12  110  -30  0.421212  -144.0206002  0.5275652
250000  12  110  -20  0.090152  -134.0206002  0.5275652
250000  12  110  -10  0.000002  -124.0206002  0.5275652
250000  12  110  0    0.000002  -114.0206002  0.5275652
500000  7   10   -40  0.600002  -151.0103002  0.0061952
500000  7   10   -30  0.414292  -141.0103002  0.0061952
500000  7   10   -20  0.428572  -131.0103002  0.0061952
500000  7   10   -10  0.000002  -121.0103002  0.0061952
500000  7   10   0    0.000002  -111.0103002  0.0061952
500000  7   30   -40  0.528572  -151.0103002  0.0072192
500000  7   30   -30  0.571432  -141.0103002  0.0072192
500000  7   30   -20  0.519052  -131.0103002  0.0072192
500000  7   30   -10  0.023812  -121.0103002  0.0072192
500000  7   30   0    0.000002  -111.0103002  0.0072192
500000  7   50   -40  0.462862  -151.0103002  0.0082432
500000  7   50   -30  0.517142  -141.0103002  0.0082432
500000  7   50   -20  0.502862  -131.0103002  0.0082432
500000  7   50   -10  0.025712  -121.0103002  0.0082432
500000  7   50   0    0.000002  -111.0103002  0.0082432
500000  7   70   -40  0.459182  -151.0103002  0.0092672
500000  7   70   -30  0.475512  -141.0103002  0.0092672
500000  7   70   -20  0.463272  -131.0103002  0.0092672
500000  7   70   -10  0.018372  -121.0103002  0.0092672
500000  7   70   0    0.000002  -111.0103002  0.0092672
500000  7   90   -40  0.511112  -151.0103002  0.0102912
500000  7   90   -30  0.538102  -141.0103002  0.0102912
500000  7   90   -20  0.431752  -131.0103002  0.0102912
500000  7   90   -10  0.019052  -121.0103002  0.0102912
500000  7   90   0    0.000002  -111.0103002  0.0102912
500000  7   110  -40  0.489612  -151.0103002  0.0113152
500000  7   110  -30  0.480522  -141.0103002  0.0113152
500000  7   110  -20  0.480522  -131.0103002  0.0113152
500000  7   110  -10  0.016882  -121.0103002  0.0113152
500000  7   110  0    0.000002  -111.0103002  0.0113152
500000  8   10   -40  0.487502  -151.0103002  0.0123902
500000  8   10   -30  0.512502  -141.0103002  0.0123902
500000  8   10   -20  0.512502  -131.0103002  0.0123902
500000  8   10   -10  0.000002  -121.0103002  0.0123902
500000  8   10   0    0.000002  -111.0103002  0.0123902
500000  8   30   -40  0.554172  -151.0103002  0.0144382
500000  8   30   -30  0.558332  -141.0103002  0.0144382
500000  8   30   -20  0.391672  -131.0103002  0.0144382
500000  8   30   -10  0.000002  -121.0103002  0.0144382
500000  8   30   0    0.000002  -111.0103002  0.0144382
500000  8   50   -40  0.532502  -151.0103002  0.0144382
500000  8   50   -30  0.460002  -141.0103002  0.0144382
500000  8   50   -20  0.457502  -131.0103002  0.0144382
500000  8   50   -10  0.000002  -121.0103002  0.0144382
500000  8   50   0    0.000002  -111.0103002  0.0144382
500000  8   70   -40  0.489292  -151.0103002  0.0164862
500000  8   70   -30  0.492862  -141.0103002  0.0164862
500000  8   70   -20  0.416072  -131.0103002  0.0164862
500000  8   70   -10  0.000002  -121.0103002  0.0164862
500000  8   70   0    0.000002  -111.0103002  0.0164862
500000  8   90   -40  0.509722  -151.0103002  0.0185342
500000  8   90   -30  0.516672  -141.0103002  0.0185342
500000  8   90   -20  0.437502  -131.0103002  0.0185342
500000  8   90   -10  0.000002  -121.0103002  0.0185342
500000  8   90   0    0.000002  -111.0103002  0.0185342
500000  8   110  -40  0.500002  -151.0103002  0.0205822
500000  8   110  -30  0.518182  -141.0103002  0.0205822
500000  8   110  -20  0.426142  -131.0103002  0.0205822
500000  8   110  -10  0.000002  -121.0103002  0.0205822
500000  8   110  0    0.000002  -111.0103002  0.0205822
500000  9   10   -40  0.577782  -151.0103002  0.0247812
500000  9   10   -30  0.522222  -141.0103002  0.0247812
500000  9   10   -20  0.311112  -131.0103002  0.0247812
500000  9   10   -10  0.000002  -121.0103002  0.0247812
500000  9   10   0    0.000002  -111.0103002  0.0247812
500000  9   30   -40  0.470372  -151.0103002  0.0247812
500000  9   30   -30  0.500002  -141.0103002  0.0247812
500000  9   30   -20  0.240742  -131.0103002  0.0247812
500000  9   30   -10  0.000002  -121.0103002  0.0247812
500000  9   30   0    0.000002  -111.0103002  0.0247812
500000  9   50   -40  0.477782  -151.0103002  0.0288772
500000  9   50   -30  0.484442  -141.0103002  0.0288772
500000  9   50   -20  0.331112  -131.0103002  0.0288772
500000  9   50   -10  0.000002  -121.0103002  0.0288772
500000  9   50   0    0.000002  -111.0103002  0.0288772
500000  9   70   -40  0.530162  -151.0103002  0.0329732
500000  9   70   -30  0.479372  -141.0103002  0.0329732
500000  9   70   -20  0.312702  -131.0103002  0.0329732
500000  9   70   -10  0.000002  -121.0103002  0.0329732
500000  9   70   0    0.000002  -111.0103002  0.0329732
500000  9   90   -40  0.493832  -151.0103002  0.0329732
500000  9   90   -30  0.477782  -141.0103002  0.0329732
500000  9   90   -20  0.311112  -131.0103002  0.0329732
500000  9   90   -10  0.000002  -121.0103002  0.0329732
500000  9   90   0    0.000002  -111.0103002  0.0329732
500000  9   110  -40  0.482832  -151.0103002  0.0370692
500000  9   110  -30  0.492932  -141.0103002  0.0370692
500000  9   110  -20  0.370712  -131.0103002  0.0370692
500000  9   110  -10  0.000002  -121.0103002  0.0370692
500000  9   110  0    0.000002  -111.0103002  0.0370692
500000  10  10   -40  0.510002  -151.0103002  0.0413702
500000  10  10   -30  0.500002  -141.0103002  0.0413702
500000  10  10   -20  0.120002  -131.0103002  0.0413702
500000  10  10   -10  0.000002  -121.0103002  0.0413702
500000  10  10   0    0.000002  -111.0103002  0.0413702
500000  10  30   -40  0.476672  -151.0103002  0.0495622
500000  10  30   -30  0.463332  -141.0103002  0.0495622
500000  10  30   -20  0.073332  -131.0103002  0.0495622
500000  10  30   -10  0.000002  -121.0103002  0.0495622
500000  10  30   0    0.000002  -111.0103002  0.0495622
500000  10  50   -40  0.496002  -151.0103002  0.0577542
500000  10  50   -30  0.492002  -141.0103002  0.0577542
500000  10  50   -20  0.136002  -131.0103002  0.0577542
500000  10  50   -10  0.000002  -121.0103002  0.0577542
500000  10  50   0    0.000002  -111.0103002  0.0577542
500000  10  70   -40  0.538572  -151.0103002  0.0577542
500000  10  70   -30  0.491432  -141.0103002  0.0577542
500000  10  70   -20  0.102862  -131.0103002  0.0577542
500000  10  70   -10  0.000002  -121.0103002  0.0577542
500000  10  70   0    0.000002  -111.0103002  0.0577542
500000  10  90   -40  0.497782  -151.0103002  0.0659462
500000  10  90   -30  0.501112  -141.0103002  0.0659462
500000  10  90   -20  0.135562  -131.0103002  0.0659462
500000  10  90   -10  0.000002  -121.0103002  0.0659462
500000  10  90   0    0.000002  -111.0103002  0.0659462
500000  10  110  -40  0.513642  -151.0103002  0.0741382
500000  10  110  -30  0.484552  -141.0103002  0.0741382
500000  10  110  -20  0.105452  -131.0103002  0.0741382
500000  10  110  -10  0.000002  -121.0103002  0.0741382
500000  10  110  0    0.000002  -111.0103002  0.0741382
500000  11  10   -40  0.481822  -151.0103002  0.0827392
500000  11  10   -30  0.490912  -141.0103002  0.0827392
500000  11  10   -20  0.000002  -131.0103002  0.0827392
500000  11  10   -10  0.000002  -121.0103002  0.0827392
500000  11  10   0    0.000002  -111.0103002  0.0827392
500000  11  30   -40  0.530302  -151.0103002  0.0991232
500000  11  30   -30  0.442422  -141.0103002  0.0991232
500000  11  30   -20  0.000002  -131.0103002  0.0991232
500000  11  30   -10  0.000002  -121.0103002  0.0991232
500000  11  30   0    0.000002  -111.0103002  0.0991232
500000  11  50   -40  0.509092  -151.0103002  0.0991232
500000  11  50   -30  0.423642  -141.0103002  0.0991232
500000  11  50   -20  0.000002  -131.0103002  0.0991232
500000  11  50   -10  0.000002  -121.0103002  0.0991232
500000  11  50   0    0.000002  -111.0103002  0.0991232
500000  11  70   -40  0.503902  -151.0103002  0.1155072
500000  11  70   -30  0.477922  -141.0103002  0.1155072
500000  11  70   -20  0.016882  -131.0103002  0.1155072
500000  11  70   -10  0.000002  -121.0103002  0.1155072
500000  11  70   0    0.000002  -111.0103002  0.1155072
500000  11  90   -40  0.496972  -151.0103002  0.1318912
500000  11  90   -30  0.474752  -141.0103002  0.1318912
500000  11  90   -20  0.012122  -131.0103002  0.1318912
500000  11  90   -10  0.000002  -121.0103002  0.1318912
500000  11  90   0    0.000002  -111.0103002  0.1318912
500000  11  110  -40  0.511572  -151.0103002  0.1318912
500000  11  110  -30  0.454552  -141.0103002  0.1318912
500000  11  110  -20  0.020662  -131.0103002  0.1318912
500000  11  110  -10  0.000002  -121.0103002  0.1318912
500000  11  110  0    0.000002  -111.0103002  0.1318912
500000  12  10   -40  0.475002  -151.0103002  0.1654782
500000  12  10   -30  0.291672  -141.0103002  0.1654782
500000  12  10   -20  0.000002  -131.0103002  0.1654782
500000  12  10   -10  0.000002  -121.0103002  0.1654782
500000  12  10   0    0.000002  -111.0103002  0.1654782
500000  12  30   -40  0.452782  -151.0103002  0.1982462
500000  12  30   -30  0.469442  -141.0103002  0.1982462
500000  12  30   -20  0.000002  -131.0103002  0.1982462
500000  12  30   -10  0.000002  -121.0103002  0.1982462
500000  12  30   0    0.000002  -111.0103002  0.1982462
500000  12  50   -40  0.521672  -151.0103002  0.1982462
500000  12  50   -30  0.393332  -141.0103002  0.1982462
500000  12  50   -20  0.121672  -131.0103002  0.1982462
500000  12  50   -10  0.000002  -121.0103002  0.1982462
500000  12  50   0    0.000002  -111.0103002  0.1982462
500000  12  70   -40  0.503572  -151.0103002  0.2310142
500000  12  70   -30  0.429762  -141.0103002  0.2310142
500000  12  70   -20  0.000002  -131.0103002  0.2310142
500000  12  70   -10  0.000002  -121.0103002  0.2310142
500000  12  70   0    0.000002  -111.0103002  0.2310142
500000  12  90   -40  0.516672  -151.0103002  0.2310142
500000  12  90   -30  0.339812  -141.0103002  0.2310142
500000  12  90   -20  0.126852  -131.0103002  0.2310142
500000  12  90   -10  0.000002  -121.0103002  0.2310142
500000  12  90   0    0.000002  -111.0103002  0.2310142
500000  12  110  -40  0.483332  -151.0103002  0.2637822
500000  12  110  -30  0.413642  -141.0103002  0.2637822
500000  12  110  -20  0.014392  -131.0103002  0.2637822
500000  12  110  -10  0.029552  -121.0103002  0.2637822
500000  12  110  0    0.000002  -111.0103002  0.2637822
